[gd_resource type="Skin" format=3 uid="uid://bi2w26dslgw6i"]

[resource]
resource_name = "Skin"
bind_count = 79
bind/0/name = &"DEF-char_root"
bind/0/bone = -1
bind/0/pose = Transform3D(1, 0, 0, 0, 0, -1, 0, 1, 0, 0, 0, 0)
bind/1/name = &"DEF-spine"
bind/1/bone = -1
bind/1/pose = Transform3D(1, 6.19416e-08, -2.30232e-07, -6.39489e-14, 0.965662, 0.259802, 2.38419e-07, -0.259802, 0.965662, -6.8776e-08, -0.882428, 0.288467)
bind/2/name = &"DEF-spine.001"
bind/2/bone = -1
bind/2/pose = Transform3D(1, -2.40949e-08, 2.37198e-07, -5.86198e-14, 0.99488, 0.101061, -2.38418e-07, -0.101061, 0.99488, 2.84098e-08, -1.06203, 0.119159)
bind/3/name = &"DEF-spine.002"
bind/3/bone = -1
bind/3/pose = Transform3D(1, 1.50188e-08, 2.37945e-07, -7.10543e-14, 0.998014, -0.0629936, -2.38418e-07, 0.0629933, 0.998014, -1.89413e-08, -1.20794, -0.0794455)
bind/4/name = &"DEF-spine.003"
bind/4/bone = -1
bind/4/pose = Transform3D(1, 4.05533e-08, 2.34944e-07, -7.10543e-14, 0.985428, -0.170093, -2.38419e-07, 0.170093, 0.985428, -5.33574e-08, -1.32848, -0.223797)
bind/5/name = &"DEF-breast.L"
bind/5/bone = -1
bind/5/pose = Transform3D(-0.97974, 0.0238184, 0.198853, 0.149311, -0.574871, 0.804506, 0.133477, 0.817897, 0.559668, 0.0226631, 0.724897, -1.15001)
bind/6/name = &"DEF-nipple.L"
bind/6/bone = -1
bind/6/pose = Transform3D(-0.981555, -0.00198639, 0.19117, 0.191097, 0.0193272, 0.981381, -0.00564397, 0.999811, -0.0185911, 0.0573173, -0.181524, -1.29104)
bind/7/name = &"DEF-breast.R"
bind/7/bone = -1
bind/7/pose = Transform3D(-0.97974, -0.0238185, -0.198853, -0.149311, -0.574872, 0.804506, -0.133477, 0.817897, 0.559668, -0.0226629, 0.724898, -1.15001)
bind/8/name = &"DEF-nipple.R"
bind/8/bone = -1
bind/8/pose = Transform3D(-0.981555, 0.00198637, -0.19117, -0.191097, 0.0193269, 0.981381, 0.00564412, 0.999811, -0.0185912, -0.0573173, -0.181524, -1.29104)
bind/9/name = &"DEF-neck.001"
bind/9/bone = -1
bind/9/pose = Transform3D(1, 5.0572e-08, -2.32993e-07, -3.90799e-14, 0.977245, 0.212114, 2.38419e-07, -0.212115, 0.977245, -8.13858e-08, -1.43962, 0.341357)
bind/10/name = &"DEF-neck.002"
bind/10/bone = -1
bind/10/pose = Transform3D(1, 5.2195e-08, -2.32635e-07, -5.68434e-14, 0.975743, 0.218922, 2.38419e-07, -0.218922, 0.975743, -8.38333e-08, -1.47135, 0.351623)
bind/11/name = &"DEF-head"
bind/11/bone = -1
bind/11/pose = Transform3D(1, 9.11092e-09, -2.38244e-07, -7.54952e-14, 0.99927, 0.0382136, 2.38419e-07, -0.038214, 0.99927, -1.72569e-08, -1.54536, 0.0723807)
bind/12/name = &"DEF-shoulder.L"
bind/12/bone = -1
bind/12/pose = Transform3D(0.334989, 0.000119941, 0.942222, 0.942222, -0.0009227, -0.334989, 0.000829279, 1, -0.000422429, -0.0152037, -0.0222592, -1.44793)
bind/13/name = &"DEF-upper_arm.L"
bind/13/bone = -1
bind/13/pose = Transform3D(-0.658662, -0.751003, 0.0464579, 0.751016, -0.659958, -0.0207607, 0.0462515, 0.021216, 0.998705, 1.15529, 0.832263, 0.0039345)
bind/14/name = &"DEF-upper_arm.L.001"
bind/14/bone = -1
bind/14/pose = Transform3D(-0.658662, -0.751003, 0.0464576, 0.751016, -0.659958, -0.0207608, 0.0462514, 0.0212158, 0.998705, 1.15529, 0.722386, 0.00393484)
bind/15/name = &"DEF-forearm.L"
bind/15/bone = -1
bind/15/pose = Transform3D(-0.658662, -0.751003, 0.0464614, 0.659945, -0.546932, 0.51511, -0.361438, 0.369945, 0.855864, 1.15529, 0.520209, -0.323364)
bind/16/name = &"DEF-forearm.L.001"
bind/16/bone = -1
bind/16/pose = Transform3D(-0.658662, -0.751003, 0.0464613, 0.659945, -0.546933, 0.51511, -0.361438, 0.369945, 0.855864, 1.15529, 0.406503, -0.323364)
bind/17/name = &"DEF-hand.L"
bind/17/bone = -1
bind/17/pose = Transform3D(-0.659723, -0.750122, 0.0456335, 0.65917, -0.548433, 0.514506, -0.360915, 0.369512, 0.856272, 1.15482, 0.294911, -0.323132)
bind/18/name = &"DEF-palm.01.L"
bind/18/bone = -1
bind/18/pose = Transform3D(0.689216, -0.0706668, -0.721102, 0.589656, -0.523647, 0.614899, -0.421056, -0.849, -0.319237, -0.161009, 0.252597, 1.19343)
bind/19/name = &"DEF-f_index.01.L"
bind/19/bone = -1
bind/19/pose = Transform3D(0.786874, -0.0379286, -0.615947, 0.437676, -0.669344, 0.600349, -0.435051, -0.741984, -0.510088, -0.261756, 0.4274, 1.11111)
bind/20/name = &"DEF-f_index.02.L"
bind/20/bone = -1
bind/20/pose = Transform3D(0.782534, -0.0255281, -0.622084, 0.304731, -0.855598, 0.418439, -0.542936, -0.517011, -0.661755, -0.271856, 0.694972, 0.949731)
bind/21/name = &"DEF-f_index.03.L"
bind/21/bone = -1
bind/21/pose = Transform3D(0.790311, -0.052787, -0.610427, 0.205761, -0.915557, 0.34557, -0.577122, -0.39871, -0.712713, -0.24914, 0.80019, 0.85144)
bind/22/name = &"DEF-thumb.01.L"
bind/22/bone = -1
bind/22/pose = Transform3D(0.536812, 0.725529, 0.430627, -0.00287378, -0.508827, 0.860864, 0.843697, -0.46336, -0.271059, -1.09777, 0.483728, 0.167287)
bind/23/name = &"DEF-thumb.02.L"
bind/23/bone = -1
bind/23/pose = Transform3D(0.538168, 0.722513, 0.433995, 0.286075, -0.640939, 0.712291, 0.792803, -0.259177, -0.551626, -1.09554, 0.475903, 0.00506634)
bind/24/name = &"DEF-thumb.03.L"
bind/24/bone = -1
bind/24/pose = Transform3D(0.534531, 0.7299, 0.426055, 0.341085, -0.647548, 0.681427, 0.773264, -0.218922, -0.595093, -1.10051, 0.427474, -0.0220904)
bind/25/name = &"DEF-palm.02.L"
bind/25/bone = -1
bind/25/pose = Transform3D(0.643705, -0.0420211, -0.76412, 0.63744, -0.523063, 0.565753, -0.423456, -0.851258, -0.309912, -0.183045, 0.233977, 1.19643)
bind/26/name = &"DEF-f_middle.01.L"
bind/26/bone = -1
bind/26/pose = Transform3D(0.59851, -0.0845747, -0.796638, 0.575951, -0.645765, 0.501267, -0.556836, -0.758838, -0.337786, -0.108565, 0.346226, 1.16725)
bind/27/name = &"DEF-f_middle.02.L"
bind/27/bone = -1
bind/27/pose = Transform3D(0.602163, -0.0934749, -0.792882, 0.348644, -0.862636, 0.36648, -0.718225, -0.497114, -0.486858, -0.10147, 0.690127, 0.993248)
bind/28/name = &"DEF-f_middle.03.L"
bind/28/bone = -1
bind/28/pose = Transform3D(0.594344, -0.073312, -0.800863, 0.331447, -0.884998, 0.326991, -0.732734, -0.459788, -0.501694, -0.117253, 0.70288, 0.964057)
bind/29/name = &"DEF-palm.03.L"
bind/29/bone = -1
bind/29/pose = Transform3D(0.536635, 0.0153371, -0.843676, 0.725617, -0.518725, 0.452112, -0.430702, -0.854804, -0.289495, -0.203159, 0.199225, 1.19994)
bind/30/name = &"DEF-f_ring.01.L"
bind/30/bone = -1
bind/30/pose = Transform3D(0.537256, 0.00695198, -0.843391, 0.648121, -0.643298, 0.407563, -0.539718, -0.765585, -0.350121, -0.194305, 0.318048, 1.1664)
bind/31/name = &"DEF-f_ring.02.L"
bind/31/bone = -1
bind/31/pose = Transform3D(0.53869, 0.00429328, -0.842494, 0.456195, -0.842193, 0.287399, -0.708308, -0.53916, -0.455639, -0.192337, 0.622074, 1.02792)
bind/32/name = &"DEF-f_ring.03.L"
bind/32/bone = -1
bind/32/pose = Transform3D(0.535988, 0.010444, -0.844161, 0.333393, -0.921268, 0.200285, -0.775607, -0.388788, -0.49727, -0.197115, 0.762258, 0.911906)
bind/33/name = &"DEF-palm.04.L"
bind/33/bone = -1
bind/33/pose = Transform3D(0.460604, 0.0986086, -0.882112, 0.783102, -0.512989, 0.35156, -0.417847, -0.852713, -0.313505, -0.27089, 0.175016, 1.18984)
bind/34/name = &"DEF-f_pinky.01.L"
bind/34/bone = -1
bind/34/pose = Transform3D(0.503012, 0.0726497, -0.861221, 0.734185, -0.561677, 0.381434, -0.456017, -0.824161, -0.335869, -0.267149, 0.186071, 1.18112)
bind/35/name = &"DEF-f_pinky.02.L"
bind/35/bone = -1
bind/35/pose = Transform3D(0.509816, 0.0600364, -0.858186, 0.459341, -0.862457, 0.212542, -0.727388, -0.502557, -0.467271, -0.257566, 0.657967, 0.996688)
bind/36/name = &"DEF-f_pinky.03.L"
bind/36/bone = -1
bind/36/pose = Transform3D(0.496154, 0.0872133, -0.863844, 0.424594, -0.892227, 0.15379, -0.757332, -0.443086, -0.479712, -0.278273, 0.696754, 0.951409)
bind/37/name = &"DEF-shoulder.R"
bind/37/bone = -1
bind/37/pose = Transform3D(0.334989, -0.000119971, -0.942222, -0.942222, -0.000922749, -0.334989, -0.000829262, 1, -0.000422454, 0.0152038, -0.0222592, -1.44793)
bind/38/name = &"DEF-upper_arm.R"
bind/38/bone = -1
bind/38/pose = Transform3D(-0.658662, 0.751003, -0.0464578, -0.751016, -0.659958, -0.0207607, -0.0462515, 0.021216, 0.998705, -1.15529, 0.832263, 0.00393451)
bind/39/name = &"DEF-upper_arm.R.001"
bind/39/bone = -1
bind/39/pose = Transform3D(-0.658662, 0.751003, -0.0464575, -0.751016, -0.659958, -0.0207607, -0.0462513, 0.0212158, 0.998705, -1.15529, 0.722385, 0.00393485)
bind/40/name = &"DEF-forearm.R"
bind/40/bone = -1
bind/40/pose = Transform3D(-0.658662, 0.751003, -0.0464612, -0.659945, -0.546932, 0.51511, 0.361438, 0.369945, 0.855864, -1.15529, 0.520209, -0.323364)
bind/41/name = &"DEF-forearm.R.001"
bind/41/bone = -1
bind/41/pose = Transform3D(-0.658662, 0.751003, -0.0464611, -0.659945, -0.546932, 0.51511, 0.361438, 0.369945, 0.855864, -1.15529, 0.406503, -0.323364)
bind/42/name = &"DEF-hand.R"
bind/42/bone = -1
bind/42/pose = Transform3D(-0.659723, 0.750122, -0.0456333, -0.65917, -0.548433, 0.514506, 0.360915, 0.369511, 0.856272, -1.15482, 0.294911, -0.323131)
bind/43/name = &"DEF-palm.01.R"
bind/43/bone = -1
bind/43/pose = Transform3D(0.689216, 0.0706668, 0.721102, -0.589655, -0.523647, 0.614899, 0.421056, -0.849, -0.319236, 0.161009, 0.252597, 1.19343)
bind/44/name = &"DEF-f_index.01.R"
bind/44/bone = -1
bind/44/pose = Transform3D(0.786874, 0.0379286, 0.615947, -0.437676, -0.669344, 0.600349, 0.435051, -0.741984, -0.510088, 0.261756, 0.4274, 1.11111)
bind/45/name = &"DEF-f_index.02.R"
bind/45/bone = -1
bind/45/pose = Transform3D(0.782534, 0.0255281, 0.622084, -0.304731, -0.855598, 0.418439, 0.542936, -0.517011, -0.661755, 0.271856, 0.694972, 0.949731)
bind/46/name = &"DEF-f_index.03.R"
bind/46/bone = -1
bind/46/pose = Transform3D(0.790311, 0.052787, 0.610427, -0.205761, -0.915557, 0.34557, 0.577122, -0.39871, -0.712713, 0.24914, 0.80019, 0.85144)
bind/47/name = &"DEF-thumb.01.R"
bind/47/bone = -1
bind/47/pose = Transform3D(0.536812, -0.72553, -0.430627, 0.00287379, -0.508827, 0.860864, -0.843697, -0.46336, -0.271059, 1.09777, 0.483728, 0.167287)
bind/48/name = &"DEF-thumb.02.R"
bind/48/bone = -1
bind/48/pose = Transform3D(0.538168, -0.722513, -0.433995, -0.286075, -0.640939, 0.712291, -0.792803, -0.259177, -0.551625, 1.09554, 0.475903, 0.00506637)
bind/49/name = &"DEF-thumb.03.R"
bind/49/bone = -1
bind/49/pose = Transform3D(0.534531, -0.7299, -0.426055, -0.341086, -0.647549, 0.681427, -0.773264, -0.218922, -0.595093, 1.10051, 0.427475, -0.0220905)
bind/50/name = &"DEF-palm.02.R"
bind/50/bone = -1
bind/50/pose = Transform3D(0.643705, 0.042021, 0.76412, -0.63744, -0.523063, 0.565753, 0.423456, -0.851258, -0.309912, 0.183045, 0.233977, 1.19643)
bind/51/name = &"DEF-f_middle.01.R"
bind/51/bone = -1
bind/51/pose = Transform3D(0.59851, 0.0845747, 0.796638, -0.575951, -0.645765, 0.501267, 0.556836, -0.758838, -0.337786, 0.108565, 0.346226, 1.16725)
bind/52/name = &"DEF-f_middle.02.R"
bind/52/bone = -1
bind/52/pose = Transform3D(0.602163, 0.0934748, 0.792882, -0.348644, -0.862636, 0.36648, 0.718225, -0.497114, -0.486858, 0.10147, 0.690127, 0.993248)
bind/53/name = &"DEF-f_middle.03.R"
bind/53/bone = -1
bind/53/pose = Transform3D(0.594343, 0.0733121, 0.800863, -0.331447, -0.884997, 0.32699, 0.732734, -0.459788, -0.501693, 0.117253, 0.70288, 0.964057)
bind/54/name = &"DEF-palm.03.R"
bind/54/bone = -1
bind/54/pose = Transform3D(0.536635, -0.0153373, 0.843675, -0.725617, -0.518725, 0.452112, 0.430701, -0.854804, -0.289495, 0.203159, 0.199225, 1.19994)
bind/55/name = &"DEF-f_ring.01.R"
bind/55/bone = -1
bind/55/pose = Transform3D(0.537256, -0.00695187, 0.84339, -0.648121, -0.643298, 0.407563, 0.539718, -0.765585, -0.350121, 0.194305, 0.318047, 1.1664)
bind/56/name = &"DEF-f_ring.02.R"
bind/56/bone = -1
bind/56/pose = Transform3D(0.53869, -0.00429343, 0.842493, -0.456195, -0.842192, 0.287399, 0.708308, -0.53916, -0.455639, 0.192337, 0.622074, 1.02792)
bind/57/name = &"DEF-f_ring.03.R"
bind/57/bone = -1
bind/57/pose = Transform3D(0.535988, -0.0104441, 0.844161, -0.333393, -0.921268, 0.200285, 0.775607, -0.388787, -0.49727, 0.197115, 0.762258, 0.911906)
bind/58/name = &"DEF-palm.04.R"
bind/58/bone = -1
bind/58/pose = Transform3D(0.460604, -0.0986084, 0.882112, -0.783102, -0.512989, 0.35156, 0.417847, -0.852713, -0.313505, 0.270889, 0.175016, 1.18984)
bind/59/name = &"DEF-f_pinky.01.R"
bind/59/bone = -1
bind/59/pose = Transform3D(0.503012, -0.0726495, 0.861221, -0.734185, -0.561677, 0.381434, 0.456017, -0.824161, -0.335868, 0.267149, 0.186071, 1.18112)
bind/60/name = &"DEF-f_pinky.02.R"
bind/60/bone = -1
bind/60/pose = Transform3D(0.509816, -0.0600364, 0.858186, -0.459341, -0.862457, 0.212542, 0.727389, -0.502557, -0.467271, 0.257566, 0.657967, 0.996688)
bind/61/name = &"DEF-f_pinky.03.R"
bind/61/bone = -1
bind/61/pose = Transform3D(0.496154, -0.0872132, 0.863843, -0.424594, -0.892227, 0.15379, 0.757332, -0.443086, -0.479712, 0.278273, 0.696753, 0.951409)
bind/62/name = &"DEF-belly"
bind/62/bone = -1
bind/62/pose = Transform3D(1, 1.50996e-07, 4.50003e-15, 5.40003e-14, -3.57628e-07, 1, 1.50996e-07, -1, -2.98023e-08, -1.63601e-07, 0.0445034, 1.08348)
bind/63/name = &"DEF-belly_tip"
bind/63/bone = -1
bind/63/pose = Transform3D(1, 1.50996e-07, -4.23517e-22, 5.40003e-14, -3.27826e-07, 1, 1.50996e-07, -1, -6.39492e-29, -1.63601e-07, -0.0690676, 1.08348)
bind/64/name = &"DEF-butt.L"
bind/64/bone = -1
bind/64/pose = Transform3D(1, 4.06967e-14, -4.11878e-08, -4.11879e-08, 2.98023e-07, -1, -1.11362e-13, 1, -2.98023e-08, -0.0919026, -0.0926929, -0.943171)
bind/65/name = &"DEF-butt.R"
bind/65/bone = -1
bind/65/pose = Transform3D(1, 4.28921e-14, -4.11878e-08, -4.11879e-08, 1.78814e-07, -1, -9.83783e-14, 1, -5.96047e-08, 0.0919026, -0.0926928, -0.943171)
bind/66/name = &"DEF-tail_base"
bind/66/bone = -1
bind/66/pose = Transform3D(1, -2.38419e-07, -1.42109e-14, -7.10543e-14, 4.17233e-07, -1, 2.38418e-07, 1, 5.96047e-08, 2.51847e-07, -0.0814829, -1.05632)
bind/67/name = &"DEF-thigh.L"
bind/67/bone = -1
bind/67/pose = Transform3D(0.991162, -0.116338, 0.0637498, -0.118821, -0.99224, 0.0366426, 0.0589905, -0.0438924, -0.997296, -0.034261, 0.960791, 0.0255412)
bind/68/name = &"DEF-thigh.L.001"
bind/68/bone = -1
bind/68/pose = Transform3D(0.991162, -0.116338, 0.0637498, -0.118821, -0.99224, 0.0366426, 0.0589905, -0.0438924, -0.997296, -0.034261, 0.742509, 0.0255411)
bind/69/name = &"DEF-shin.L"
bind/69/bone = -1
bind/69/pose = Transform3D(0.999976, 0.000626613, -0.00699639, 1.01223e-07, -0.996014, -0.0892053, -0.0070259, 0.0892039, -0.995991, -0.0950037, 0.515986, -0.0370655)
bind/70/name = &"DEF-shin.L.001"
bind/70/bone = -1
bind/70/pose = Transform3D(0.999976, 0.000626603, -0.00699623, 1.05822e-07, -0.996014, -0.0892053, -0.00702574, 0.089204, -0.995991, -0.0950037, 0.293063, -0.0370655)
bind/71/name = &"DEF-foot.L"
bind/71/bone = -1
bind/71/pose = Transform3D(1, -1.15439e-05, -2.43008e-06, -1.50296e-06, -0.444695, 0.895685, -1.18725e-05, -0.895683, -0.444695, -0.0947403, 0.0606206, 0.0516589)
bind/72/name = &"DEF-toe.L"
bind/72/bone = -1
bind/72/pose = Transform3D(-1, 4.20705e-08, 4.53495e-13, 1.50337e-06, -1.13249e-06, 1, -1.99568e-07, 1, -2.98024e-08, 0.0947406, -0.085988, -0.0149824)
bind/73/name = &"DEF-thigh.R"
bind/73/bone = -1
bind/73/pose = Transform3D(0.991162, 0.116338, -0.0637498, 0.118821, -0.99224, 0.0366426, -0.0589905, -0.0438924, -0.997295, 0.034261, 0.960791, 0.0255412)
bind/74/name = &"DEF-thigh.R.001"
bind/74/bone = -1
bind/74/pose = Transform3D(0.991162, 0.116338, -0.0637498, 0.118821, -0.99224, 0.0366426, -0.0589905, -0.0438923, -0.997295, 0.034261, 0.742509, 0.0255411)
bind/75/name = &"DEF-shin.R"
bind/75/bone = -1
bind/75/pose = Transform3D(0.999976, -0.000626628, 0.0069964, -1.55124e-07, -0.996013, -0.0892053, 0.0070259, 0.0892039, -0.995991, 0.0950037, 0.515986, -0.0370654)
bind/76/name = &"DEF-shin.R.001"
bind/76/bone = -1
bind/76/pose = Transform3D(0.999976, -0.000626603, 0.00699623, -1.44821e-07, -0.996013, -0.0892053, 0.00702573, 0.0892039, -0.995991, 0.0950037, 0.293063, -0.0370655)
bind/77/name = &"DEF-foot.R"
bind/77/bone = -1
bind/77/pose = Transform3D(1, 1.15458e-05, 2.42997e-06, 1.49642e-06, -0.444695, 0.895685, 1.18352e-05, -0.895682, -0.444695, 0.0947402, 0.0606205, 0.0516588)
bind/78/name = &"DEF-toe.R"
bind/78/bone = -1
bind/78/pose = Transform3D(-1, -4.39186e-08, 1.81638e-12, -1.49277e-06, -1.16229e-06, 1, 2.35861e-07, 1, 5.96048e-08, -0.0947406, -0.085988, -0.0149823)
