[gd_resource type="Skin" format=3 uid="uid://dkic2bwjq8nnf"]

[resource]
resource_name = "Skin"
bind_count = 79
bind/0/name = &"DEF-char_root"
bind/0/bone = -1
bind/0/pose = Transform3D(1, 0, 0, 0, 0, -1, 0, 1, 0, 0, 0, 0)
bind/1/name = &"DEF-spine"
bind/1/bone = -1
bind/1/pose = Transform3D(1, 6.42086e-08, -2.2961e-07, 2.84217e-14, 0.963053, 0.26931, 2.38419e-07, -0.26931, 0.963053, -7.04652e-08, -0.856584, 0.295552)
bind/2/name = &"DEF-spine.001"
bind/2/bone = -1
bind/2/pose = Transform3D(1, -2.34593e-08, 2.37262e-07, 3.37508e-14, 0.995147, 0.0983954, -2.38419e-07, -0.0983953, 0.995147, 2.74659e-08, -1.05109, 0.1152)
bind/3/name = &"DEF-spine.002"
bind/3/bone = -1
bind/3/pose = Transform3D(1, 1.42473e-08, 2.37993e-07, 3.01981e-14, 0.998213, -0.0597573, -2.38419e-07, 0.0597574, 0.998213, -1.79017e-08, -1.20077, -0.0750852)
bind/4/name = &"DEF-spine.003"
bind/4/bone = -1
bind/4/pose = Transform3D(1, 3.05545e-08, 2.36453e-07, 3.90798e-14, 0.991754, -0.128155, -2.38419e-07, 0.128155, 0.991754, -3.98789e-08, -1.33677, -0.167264)
bind/5/name = &"DEF-breast.L"
bind/5/bone = -1
bind/5/pose = Transform3D(-0.879127, -0.020018, 0.476167, 0.462589, 0.204539, 0.862656, -0.114663, 0.978654, -0.170555, 0.0561831, -0.337757, -1.25915)
bind/6/name = &"DEF-nipple.L"
bind/6/bone = -1
bind/6/pose = Transform3D(-0.877353, 0.00409524, 0.479829, 0.470426, 0.20451, 0.858414, -0.0946147, 0.978856, -0.181354, 0.0237187, -0.423942, -1.26011)
bind/7/name = &"DEF-breast.R"
bind/7/bone = -1
bind/7/pose = Transform3D(-0.879127, 0.0200181, -0.476167, -0.462588, 0.204539, 0.862656, 0.114663, 0.978654, -0.170555, -0.0561832, -0.337758, -1.25915)
bind/8/name = &"DEF-nipple.R"
bind/8/bone = -1
bind/8/pose = Transform3D(-0.877353, -0.00409525, -0.479829, -0.470426, 0.204511, 0.858414, 0.0946147, 0.978856, -0.181354, -0.0237187, -0.423942, -1.26011)
bind/9/name = &"DEF-neck.001"
bind/9/bone = -1
bind/9/pose = Transform3D(1, 4.47441e-08, -2.34182e-07, 3.90798e-14, 0.982232, 0.187671, 2.38419e-07, -0.187671, 0.982232, -7.26093e-08, -1.46348, 0.304545)
bind/10/name = &"DEF-neck.002"
bind/10/bone = -1
bind/10/pose = Transform3D(1, 5.4984e-08, -2.31992e-07, 3.19744e-14, 0.973044, 0.23062, 2.38419e-07, -0.23062, 0.973044, -8.81394e-08, -1.47531, 0.369683)
bind/11/name = &"DEF-head"
bind/11/bone = -1
bind/11/pose = Transform3D(1, 9.11092e-09, -2.38244e-07, 3.64153e-14, 0.99927, 0.038214, 2.38419e-07, -0.038214, 0.999269, -1.72569e-08, -1.54536, 0.0723807)
bind/12/name = &"DEF-shoulder.L"
bind/12/bone = -1
bind/12/pose = Transform3D(0.492912, -3.44225e-05, 0.870079, 0.870079, -0.000852206, -0.492912, 0.000758475, 1, -0.000390126, -0.0188348, -0.019406, -1.44793)
bind/13/name = &"DEF-upper_arm.L"
bind/13/bone = -1
bind/13/pose = Transform3D(-0.664485, -0.746844, -0.0261549, 0.747097, -0.664715, 0.000161383, -0.0175061, -0.019433, 0.999658, 1.15392, 0.842214, 0.0745556)
bind/14/name = &"DEF-upper_arm.L.001"
bind/14/bone = -1
bind/14/pose = Transform3D(-0.664484, -0.746844, -0.0261549, 0.747097, -0.664715, 0.000161405, -0.0175061, -0.019433, 0.999658, 1.15392, 0.724055, 0.0745556)
bind/15/name = &"DEF-forearm.L"
bind/15/bone = -1
bind/15/pose = Transform3D(-0.664484, -0.746845, -0.0261572, 0.628571, -0.577498, 0.520956, -0.404179, 0.329725, 0.853183, 1.15392, 0.556012, -0.252029)
bind/16/name = &"DEF-forearm.L.001"
bind/16/bone = -1
bind/16/pose = Transform3D(-0.664484, -0.746845, -0.0261572, 0.628571, -0.577498, 0.520956, -0.404179, 0.329725, 0.853183, 1.15392, 0.43649, -0.252029)
bind/17/name = &"DEF-hand.L"
bind/17/bone = -1
bind/17/pose = Transform3D(-0.657292, -0.753351, -0.0207119, 0.650316, -0.580855, 0.489589, -0.380863, 0.308334, 0.871707, 1.15747, 0.31314, -0.240242)
bind/18/name = &"DEF-palm.01.L"
bind/18/bone = -1
bind/18/pose = Transform3D(0.434129, -0.432483, -0.790247, 0.600572, -0.514893, 0.611718, -0.67145, -0.740164, 0.0362075, 0.364986, 0.213797, 1.15004)
bind/19/name = &"DEF-f_index.01.L"
bind/19/bone = -1
bind/19/pose = Transform3D(0.417527, -0.44805, -0.79052, 0.486763, -0.624338, 0.610954, -0.76729, -0.639886, -0.0425833, 0.390633, 0.328354, 1.10355)
bind/20/name = &"DEF-f_index.02.L"
bind/20/bone = -1
bind/20/pose = Transform3D(0.428732, -0.487684, -0.760495, 0.208975, -0.765422, 0.608653, -0.878931, -0.419873, -0.226247, 0.421716, 0.59929, 0.96056)
bind/21/name = &"DEF-f_index.03.L"
bind/21/bone = -1
bind/21/pose = Transform3D(0.429335, -0.393068, -0.813123, -0.18189, -0.919508, 0.348456, -0.88464, -0.00170526, -0.466272, 0.332052, 0.997715, 0.570224)
bind/22/name = &"DEF-thumb.01.L"
bind/22/bone = -1
bind/22/pose = Transform3D(0.788197, 0.599132, 0.140665, 0.0406236, -0.278718, 0.959514, 0.614082, -0.750571, -0.244023, -1.05326, 0.178734, 0.571461)
bind/23/name = &"DEF-thumb.02.L"
bind/23/bone = -1
bind/23/pose = Transform3D(0.768544, 0.633027, 0.0928266, 0.341769, -0.528852, 0.776859, 0.540865, -0.565325, -0.622795, -1.0738, 0.299208, 0.461101)
bind/24/name = &"DEF-thumb.03.L"
bind/24/bone = -1
bind/24/pose = Transform3D(0.829814, 0.529332, 0.176683, 0.431729, -0.80957, 0.397754, 0.35358, -0.253782, -0.90032, -1.00687, 0.592027, 0.266208)
bind/25/name = &"DEF-palm.02.L"
bind/25/bone = -1
bind/25/pose = Transform3D(0.37314, -0.388673, -0.842437, 0.647009, -0.541767, 0.536533, -0.664941, -0.745266, 0.0493197, 0.336265, 0.228914, 1.15243)
bind/26/name = &"DEF-f_middle.01.L"
bind/26/bone = -1
bind/26/pose = Transform3D(0.390001, -0.375707, -0.84068, 0.5427, -0.643775, 0.539473, -0.743893, -0.666632, -0.0471769, 0.313032, 0.331171, 1.12295)
bind/27/name = &"DEF-f_middle.02.L"
bind/27/bone = -1
bind/27/pose = Transform3D(0.396497, -0.396932, -0.827789, 0.24802, -0.821851, 0.512882, -0.883898, -0.408664, -0.227414, 0.329941, 0.654539, 0.9547)
bind/28/name = &"DEF-f_middle.03.L"
bind/28/bone = -1
bind/28/pose = Transform3D(0.395246, -0.347935, -0.850131, -0.170177, -0.937203, 0.304452, -0.902674, 0.0243398, -0.429636, 0.283493, 1.01712, 0.549318)
bind/29/name = &"DEF-palm.03.L"
bind/29/bone = -1
bind/29/pose = Transform3D(0.262373, -0.324045, -0.908931, 0.70375, -0.580206, 0.409996, -0.660224, -0.747232, 0.0758165, 0.311815, 0.257749, 1.14855)
bind/30/name = &"DEF-f_ring.01.L"
bind/30/bone = -1
bind/30/pose = Transform3D(0.388546, -0.247216, -0.887647, 0.610708, -0.652266, 0.448983, -0.689978, -0.716543, -0.102459, 0.158835, 0.316582, 1.15258)
bind/31/name = &"DEF-f_ring.02.L"
bind/31/bone = -1
bind/31/pose = Transform3D(0.389537, -0.249632, -0.886536, 0.315598, -0.868113, 0.383116, -0.865251, -0.429026, -0.259379, 0.160678, 0.686702, 0.968598)
bind/32/name = &"DEF-f_ring.03.L"
bind/32/bone = -1
bind/32/pose = Transform3D(0.389077, -0.243623, -0.888407, -0.123671, -0.96948, 0.211694, -0.912866, 0.0275049, -0.407332, 0.155009, 1.03924, 0.545952)
bind/33/name = &"DEF-palm.04.L"
bind/33/bone = -1
bind/33/pose = Transform3D(0.193174, -0.238877, -0.951642, 0.734781, -0.607537, 0.301654, -0.650216, -0.75752, 0.0581623, 0.241939, 0.283827, 1.15396)
bind/34/name = &"DEF-f_pinky.01.L"
bind/34/bone = -1
bind/34/pose = Transform3D(0.278855, -0.227108, -0.933093, 0.684183, -0.634842, 0.358984, -0.673894, -0.738511, -0.0216453, 0.18105, 0.26905, 1.15436)
bind/35/name = &"DEF-f_pinky.02.L"
bind/35/bone = -1
bind/35/pose = Transform3D(0.281609, -0.235065, -0.930291, 0.30894, -0.895688, 0.319841, -0.908434, -0.377475, -0.179612, 0.187568, 0.733765, 0.923175)
bind/36/name = &"DEF-f_pinky.03.L"
bind/36/bone = -1
bind/36/pose = Transform3D(0.279522, -0.217166, -0.935258, -0.0638158, -0.976134, 0.207584, -0.958017, 0.00165982, -0.286709, 0.170826, 1.02049, 0.571806)
bind/37/name = &"DEF-shoulder.R"
bind/37/bone = -1
bind/37/pose = Transform3D(0.492912, 3.43081e-05, -0.870079, -0.870079, -0.000852306, -0.492912, -0.000758483, 1, -0.000390172, 0.018835, -0.0194058, -1.44793)
bind/38/name = &"DEF-upper_arm.R"
bind/38/bone = -1
bind/38/pose = Transform3D(-0.664485, 0.746844, 0.0261553, -0.747097, -0.664715, 0.000161338, 0.0175062, -0.0194332, 0.999658, -1.15392, 0.842214, 0.0745559)
bind/39/name = &"DEF-upper_arm.R.001"
bind/39/bone = -1
bind/39/pose = Transform3D(-0.664485, 0.746844, 0.026155, -0.747097, -0.664715, 0.000161408, 0.0175061, -0.019433, 0.999658, -1.15392, 0.724055, 0.0745555)
bind/40/name = &"DEF-forearm.R"
bind/40/bone = -1
bind/40/pose = Transform3D(-0.664484, 0.746845, 0.0261572, -0.628571, -0.577498, 0.520956, 0.404179, 0.329725, 0.853183, -1.15392, 0.556011, -0.252029)
bind/41/name = &"DEF-forearm.R.001"
bind/41/bone = -1
bind/41/pose = Transform3D(-0.664484, 0.746845, 0.0261572, -0.62857, -0.577498, 0.520956, 0.404179, 0.329725, 0.853183, -1.15392, 0.436489, -0.252029)
bind/42/name = &"DEF-hand.R"
bind/42/bone = -1
bind/42/pose = Transform3D(-0.657292, 0.753351, 0.0207121, -0.650316, -0.580854, 0.489589, 0.380863, 0.308334, 0.871707, -1.15747, 0.313139, -0.240242)
bind/43/name = &"DEF-palm.01.R"
bind/43/bone = -1
bind/43/pose = Transform3D(0.434129, 0.432483, 0.790247, -0.600572, -0.514893, 0.611718, 0.67145, -0.740165, 0.0362075, -0.364986, 0.213797, 1.15004)
bind/44/name = &"DEF-f_index.01.R"
bind/44/bone = -1
bind/44/pose = Transform3D(0.417527, 0.44805, 0.79052, -0.486763, -0.624337, 0.610954, 0.767289, -0.639886, -0.0425834, -0.390633, 0.328354, 1.10355)
bind/45/name = &"DEF-f_index.02.R"
bind/45/bone = -1
bind/45/pose = Transform3D(0.428732, 0.487684, 0.760495, -0.208974, -0.765422, 0.608653, 0.878931, -0.419873, -0.226247, -0.421716, 0.59929, 0.96056)
bind/46/name = &"DEF-f_index.03.R"
bind/46/bone = -1
bind/46/pose = Transform3D(0.429335, 0.393068, 0.813123, 0.18189, -0.919508, 0.348456, 0.88464, -0.00170532, -0.466272, -0.332052, 0.997715, 0.570223)
bind/47/name = &"DEF-thumb.01.R"
bind/47/bone = -1
bind/47/pose = Transform3D(0.788197, -0.599133, -0.140665, -0.0406234, -0.278718, 0.959513, -0.614081, -0.750571, -0.244023, 1.05326, 0.178734, 0.57146)
bind/48/name = &"DEF-thumb.02.R"
bind/48/bone = -1
bind/48/pose = Transform3D(0.768544, -0.633027, -0.0928267, -0.341769, -0.528852, 0.776859, -0.540864, -0.565325, -0.622795, 1.0738, 0.299207, 0.4611)
bind/49/name = &"DEF-thumb.03.R"
bind/49/bone = -1
bind/49/pose = Transform3D(0.829814, -0.529332, -0.176683, -0.431729, -0.809569, 0.397753, -0.35358, -0.253782, -0.90032, 1.00687, 0.592026, 0.266208)
bind/50/name = &"DEF-palm.02.R"
bind/50/bone = -1
bind/50/pose = Transform3D(0.37314, 0.388673, 0.842437, -0.647009, -0.541767, 0.536533, 0.664941, -0.745266, 0.0493198, -0.336265, 0.228913, 1.15243)
bind/51/name = &"DEF-f_middle.01.R"
bind/51/bone = -1
bind/51/pose = Transform3D(0.390001, 0.375707, 0.84068, -0.542699, -0.643775, 0.539473, 0.743893, -0.666632, -0.047177, -0.313032, 0.331171, 1.12295)
bind/52/name = &"DEF-f_middle.02.R"
bind/52/bone = -1
bind/52/pose = Transform3D(0.396497, 0.396932, 0.827789, -0.248019, -0.821851, 0.512882, 0.883899, -0.408664, -0.227415, -0.329941, 0.654539, 0.9547)
bind/53/name = &"DEF-f_middle.03.R"
bind/53/bone = -1
bind/53/pose = Transform3D(0.395246, 0.347935, 0.85013, 0.170178, -0.937203, 0.304452, 0.902674, 0.0243397, -0.429636, -0.283493, 1.01712, 0.549318)
bind/54/name = &"DEF-palm.03.R"
bind/54/bone = -1
bind/54/pose = Transform3D(0.262373, 0.324045, 0.908931, -0.70375, -0.580206, 0.409996, 0.660224, -0.747232, 0.0758164, -0.311815, 0.257749, 1.14855)
bind/55/name = &"DEF-f_ring.01.R"
bind/55/bone = -1
bind/55/pose = Transform3D(0.388546, 0.247216, 0.887646, -0.610707, -0.652266, 0.448983, 0.689977, -0.716543, -0.102459, -0.158834, 0.316582, 1.15258)
bind/56/name = &"DEF-f_ring.02.R"
bind/56/bone = -1
bind/56/pose = Transform3D(0.389537, 0.249632, 0.886535, -0.315598, -0.868113, 0.383116, 0.865251, -0.429026, -0.259379, -0.160678, 0.686703, 0.968598)
bind/57/name = &"DEF-f_ring.03.R"
bind/57/bone = -1
bind/57/pose = Transform3D(0.389077, 0.243623, 0.888407, 0.123671, -0.96948, 0.211694, 0.912866, 0.0275048, -0.407332, -0.155009, 1.03924, 0.545952)
bind/58/name = &"DEF-palm.04.R"
bind/58/bone = -1
bind/58/pose = Transform3D(0.193173, 0.238877, 0.951641, -0.734781, -0.607537, 0.301654, 0.650216, -0.75752, 0.0581623, -0.241939, 0.283827, 1.15396)
bind/59/name = &"DEF-f_pinky.01.R"
bind/59/bone = -1
bind/59/pose = Transform3D(0.278855, 0.227108, 0.933093, -0.684183, -0.634842, 0.358984, 0.673894, -0.738511, -0.0216454, -0.18105, 0.26905, 1.15436)
bind/60/name = &"DEF-f_pinky.02.R"
bind/60/bone = -1
bind/60/pose = Transform3D(0.281608, 0.235065, 0.930291, -0.30894, -0.895688, 0.319841, 0.908434, -0.377475, -0.179612, -0.187568, 0.733765, 0.923175)
bind/61/name = &"DEF-f_pinky.03.R"
bind/61/bone = -1
bind/61/pose = Transform3D(0.279522, 0.217166, 0.935257, 0.0638161, -0.976133, 0.207584, 0.958017, 0.00165981, -0.286709, -0.170826, 1.02049, 0.571806)
bind/62/name = &"DEF-belly"
bind/62/bone = -1
bind/62/pose = Transform3D(1, 1.50996e-07, -1.42109e-14, -3.07846e-15, 2.08616e-07, 1, 1.50996e-07, -1, -2.14578e-21, -1.63601e-07, 0.0445028, 1.08348)
bind/63/name = &"DEF-belly_tip"
bind/63/bone = -1
bind/63/pose = Transform3D(1, 1.50996e-07, 3.24004e-28, -1.72893e-14, 2.08616e-07, 1, 1.50996e-07, -1, 4.89232e-35, -1.63601e-07, -0.0690682, 1.08348)
bind/64/name = &"DEF-butt.L"
bind/64/bone = -1
bind/64/pose = Transform3D(1, -2.47948e-14, -4.0566e-08, -4.0566e-08, 8.9407e-08, -1, 3.08396e-14, 1, 5.96046e-08, -0.0919026, -0.0926926, -0.929242)
bind/65/name = &"DEF-butt.R"
bind/65/bone = -1
bind/65/pose = Transform3D(1, -1.90467e-14, -4.05659e-08, -4.05659e-08, -1.19209e-07, -1, 6.2814e-14, 1, 5.96046e-08, 0.0919026, -0.0926924, -0.929242)
bind/66/name = &"DEF-tail_base"
bind/66/bone = -1
bind/66/pose = Transform3D(1, -2.38419e-07, -2.84217e-14, 2.84217e-14, -1.19209e-07, -1, 2.38419e-07, 1, 5.96046e-08, 2.44435e-07, -0.0790458, -1.04825)
bind/67/name = &"DEF-thigh.L"
bind/67/bone = -1
bind/67/pose = Transform3D(0.991287, -0.114901, 0.0644015, -0.113629, -0.993255, -0.0230935, 0.0666192, 0.015575, -0.997658, -0.0345358, 0.937438, -0.00415803)
bind/68/name = &"DEF-thigh.L.001"
bind/68/bone = -1
bind/68/pose = Transform3D(0.991288, -0.114901, 0.0644014, -0.113629, -0.993255, -0.0230935, 0.0666192, 0.0155751, -0.997659, -0.0345357, 0.733745, -0.00415803)
bind/69/name = &"DEF-shin.L"
bind/69/bone = -1
bind/69/pose = Transform3D(0.999976, 0.000648167, -0.00699437, 1.28232e-07, -0.995734, -0.0922752, -0.0070256, 0.0922734, -0.995711, -0.0950052, 0.521295, -0.0372814)
bind/70/name = &"DEF-shin.L.001"
bind/70/bone = -1
bind/70/pose = Transform3D(0.999976, 0.000648165, -0.00699426, 1.36206e-07, -0.995734, -0.0922752, -0.0070255, 0.0922734, -0.995711, -0.0950053, 0.295659, -0.0372814)
bind/71/name = &"DEF-foot.L"
bind/71/bone = -1
bind/71/pose = Transform3D(1, -1.15456e-05, -2.42986e-06, -1.72046e-06, -0.444695, 0.895684, -1.17545e-05, -0.895682, -0.444695, -0.0947403, 0.0606204, 0.0516588)
bind/72/name = &"DEF-toe.L"
bind/72/bone = -1
bind/72/pose = Transform3D(-1, 4.36849e-08, 1.30191e-15, 1.25632e-06, -5.36443e-07, 1, -2.08531e-07, 1, 2.98024e-08, 0.0947406, -0.0859879, -0.0149823)
bind/73/name = &"DEF-thigh.R"
bind/73/bone = -1
bind/73/pose = Transform3D(0.991288, 0.114901, -0.0644015, 0.113629, -0.993255, -0.0230933, -0.0666186, 0.0155751, -0.997659, 0.0345358, 0.937438, -0.00415802)
bind/74/name = &"DEF-thigh.R.001"
bind/74/bone = -1
bind/74/pose = Transform3D(0.991288, 0.114901, -0.0644014, 0.113629, -0.993255, -0.0230933, -0.0666185, 0.0155752, -0.997659, 0.0345357, 0.733745, -0.004158)
bind/75/name = &"DEF-shin.R"
bind/75/bone = -1
bind/75/pose = Transform3D(0.999976, -0.000648173, 0.00699443, -2.21423e-07, -0.995734, -0.0922751, 0.00702625, 0.0922735, -0.995712, 0.0950053, 0.521295, -0.0372814)
bind/76/name = &"DEF-shin.R.001"
bind/76/bone = -1
bind/76/pose = Transform3D(0.999976, -0.000648165, 0.00699426, -2.28815e-07, -0.995734, -0.0922751, 0.00702609, 0.0922735, -0.995712, 0.0950053, 0.295659, -0.0372814)
bind/77/name = &"DEF-foot.R"
bind/77/bone = -1
bind/77/pose = Transform3D(1, 1.15466e-05, 2.42934e-06, 1.12958e-06, -0.444695, 0.895685, 1.18838e-05, -0.895682, -0.444695, 0.0947403, 0.0606204, 0.0516588)
bind/78/name = &"DEF-toe.R"
bind/78/bone = -1
bind/78/pose = Transform3D(-1, -4.46035e-08, -9.10826e-13, -1.84358e-06, -1.01328e-06, 1, 3.55627e-07, 1, 2.98024e-08, -0.0947407, -0.085988, -0.0149823)
