[gd_scene load_steps=21 format=3 uid="uid://y65ir3supv5s"]

[ext_resource type="Script" uid="uid://cy0ulaqjxe5e3" path="res://Game/Doll/doll.gd" id="1_x8ebr"]
[ext_resource type="PackedScene" uid="uid://1374ob78ucv7" path="res://Game/Doll/doll_part.tscn" id="2_4v17s"]
[ext_resource type="PackedScene" uid="uid://c56fqxox0e0ia" path="res://Mesh/Skeleton/body_skeleton.tscn" id="2_k7aqf"]
[ext_resource type="Script" uid="uid://1n0mqd1c34ui" path="res://addons/wigglebone/wiggle_rotation_modifier_3d.gd" id="3_ghp2k"]
[ext_resource type="PackedScene" uid="uid://dyx0lcoi6r0tp" path="res://Game/Doll/FaceAnimator/voice_handler.tscn" id="3_l2cwv"]
[ext_resource type="Script" uid="uid://dk8kgax5eyeng" path="res://addons/wigglebone/wiggle_rotation_properties_3d.gd" id="4_avrwx"]
[ext_resource type="PackedScene" uid="uid://br61otcq86wpv" path="res://Game/Doll/doll_attach_to.tscn" id="4_mwovh"]
[ext_resource type="AnimationLibrary" uid="uid://nn3cjmcfumow" path="res://Anims/Raw/BasicAnims.glb" id="5_avrwx"]
[ext_resource type="AnimationLibrary" uid="uid://cmuxw6uiifp2h" path="res://Anims/Raw/LocomotionAnims.glb" id="7_l2cwv"]
[ext_resource type="AnimationLibrary" uid="uid://b08i0engip1rw" path="res://Anims/Raw/RestraintAnims.glb" id="8_yudco"]
[ext_resource type="AnimationNodeBlendTree" uid="uid://c8ovbng4kuwt3" path="res://Game/Doll/Util/DollBlendTreeBase.tres" id="9_1pahp"]
[ext_resource type="PackedScene" uid="uid://bgux6rpndyvti" path="res://Mesh/Materials/MyLayeredTexture/my_layered_texture.tscn" id="10_ehs3x"]
[ext_resource type="AnimationNodeBlendTree" uid="uid://snasey7u5o67" path="res://Game/Doll/Util/DollBlendTree.tres" id="10_yn8uc"]

[sub_resource type="Resource" id="Resource_l2cwv"]
script = ExtResource("4_avrwx")
spring_freq = 3.0
angular_damp = 10.0
force_scale = 1200.0
linear_scale = 360.0
swing_span = 0.349066
gravity = Vector3(0, -10, 0)
metadata/_custom_type_script = ExtResource("4_avrwx")

[sub_resource type="Resource" id="Resource_ghp2k"]
script = ExtResource("4_avrwx")
spring_freq = 2.0
angular_damp = 5.0
force_scale = 180.0
linear_scale = 3600.0
swing_span = 0.174533
gravity = Vector3(0, 0, 0)
metadata/_custom_type_script = ExtResource("4_avrwx")

[sub_resource type="Resource" id="Resource_avrwx"]
script = ExtResource("4_avrwx")
spring_freq = 3.0
angular_damp = 5.0
force_scale = 180.0
linear_scale = 360.0
swing_span = 0.436332
gravity = Vector3(0, 0, 0)
metadata/_custom_type_script = "uid://dk8kgax5eyeng"

[sub_resource type="ParticleProcessMaterial" id="ParticleProcessMaterial_a0xc8"]
resource_local_to_scene = true
direction = Vector3(0, 0, 1)
spread = 1.0
initial_velocity_max = 3.0
scale_max = 2.0

[sub_resource type="ParticleProcessMaterial" id="ParticleProcessMaterial_q8qd3"]
resource_local_to_scene = true
direction = Vector3(0, 0, 1)
spread = 1.0
initial_velocity_max = 3.0
scale_max = 2.0

[sub_resource type="ParticleProcessMaterial" id="ParticleProcessMaterial_i5c51"]
resource_local_to_scene = true
direction = Vector3(0, 0, 1)
spread = 1.0
initial_velocity_max = 3.0
scale_max = 2.0

[sub_resource type="SphereMesh" id="SphereMesh_6wvr0"]
radius = 0.2
height = 0.4

[node name="Doll" type="Node3D"]
script = ExtResource("1_x8ebr")

[node name="BodySkeleton" parent="." instance=ExtResource("2_k7aqf")]
unique_name_in_owner = true

[node name="Skeleton3D" parent="BodySkeleton/rig" index="0"]
bones/0/position = Vector3(0, 0, 0.0273749)
bones/1/position = Vector3(0.00357553, 0.0392059, 0.894773)
bones/1/rotation = Quaternion(0.760936, 0.00733788, 0.0154059, 0.648603)
bones/2/rotation = Quaternion(0.0976067, 0.14303, 0.984802, -0.0134137)
bones/3/rotation = Quaternion(-0.191615, 0.00662275, -0.00575622, 0.981431)
bones/4/rotation = Quaternion(0.643697, -0.0106647, -0.00964222, 0.765145)
bones/5/rotation = Quaternion(0.208094, -0.000635125, -0.000135273, 0.978109)
bones/6/rotation = Quaternion(-0.0711746, -9.24727e-08, -4.8677e-08, 0.997464)
bones/7/rotation = Quaternion(8.40058e-09, 0.07485, -6.33292e-08, 0.997195)
bones/7/scale = Vector3(1, 1, 1)
bones/8/rotation = Quaternion(-0.00457407, -2.69004e-07, 4.69272e-08, 0.99999)
bones/9/rotation = Quaternion(-0.00821903, -1.43492e-06, -9.65002e-10, 0.999966)
bones/10/rotation = Quaternion(-0.784013, -0.0291712, -0.0254314, 0.619536)
bones/11/rotation = Quaternion(-0.0595626, 0.148959, 0.987041, 0.00373993)
bones/12/rotation = Quaternion(-0.201403, -0.00667991, 0.00568981, 0.979469)
bones/13/rotation = Quaternion(0.649462, 0.0623131, -0.0392077, 0.756822)
bones/14/rotation = Quaternion(0.219106, 0.00116053, 0.000251159, 0.9757)
bones/15/rotation = Quaternion(-0.0759105, 6.38615e-08, 1.42713e-07, 0.997115)
bones/16/rotation = Quaternion(2.33708e-08, -0.0445621, 5.12447e-08, 0.999007)
bones/17/rotation = Quaternion(-0.00521246, 2.16802e-07, -1.16719e-07, 0.999986)
bones/18/rotation = Quaternion(-0.00957661, 1.4498e-06, -5.9238e-08, 0.999954)
bones/19/rotation = Quaternion(-0.786517, 0.029068, 0.0255493, 0.616355)
bones/20/rotation = Quaternion(-0.0425748, 0.00285469, 0.00625211, 0.99907)
bones/21/rotation = Quaternion(-0.0979162, 0.000579145, 0.00266399, 0.995191)
bones/22/rotation = Quaternion(0.0108845, 0.000365256, 0.00271669, 0.999937)
bones/23/rotation = Quaternion(0.217514, -0.00562636, -0.00522697, 0.976027)
bones/24/rotation = Quaternion(-0.147711, -0.015454, -0.00530489, 0.988896)
bones/25/rotation = Quaternion(-0.45056, -0.439968, -0.573772, 0.523651)
bones/26/rotation = Quaternion(-0.511556, 0.456399, -0.382473, 0.619455)
bones/27/rotation = Quaternion(0.148859, -0.000626792, -0.0111054, 0.988796)
bones/28/rotation = Quaternion(0.0207772, 0.0324578, -0.0370792, 0.998569)
bones/29/rotation = Quaternion(-0.0128109, 0.649168, -0.275168, 0.709013)
bones/30/rotation = Quaternion(0.277596, 0.00948548, -0.0322998, 0.960108)
bones/31/rotation = Quaternion(0.166321, 0.00461373, -0.0344825, 0.985458)
bones/32/rotation = Quaternion(0.0337859, 0.706848, -0.206528, 0.6757)
bones/33/rotation = Quaternion(0.338475, -0.00148533, -0.0125051, 0.940891)
bones/34/rotation = Quaternion(0.15458, -0.0013292, -0.0077326, 0.987949)
bones/35/rotation = Quaternion(0.0659574, 0.717671, -0.160847, 0.674334)
bones/36/rotation = Quaternion(0.290917, -0.0186566, -0.00909272, 0.956523)
bones/37/rotation = Quaternion(0.161842, -0.00965681, -0.00323022, 0.986764)
bones/38/rotation = Quaternion(0.0929861, 0.743274, -0.0818224, 0.657421)
bones/39/rotation = Quaternion(0.279316, -0.0254899, 0.00576787, 0.959844)
bones/40/rotation = Quaternion(0.148158, -0.0132568, 0.00949666, 0.988829)
bones/41/rotation = Quaternion(0.258996, 0.91767, 0.288542, 0.0868741)
bones/42/rotation = Quaternion(0.268329, 0.0456234, -0.0461033, 0.961141)
bones/43/rotation = Quaternion(0.198863, 0.029342, -0.0888305, 0.975552)
bones/45/rotation = Quaternion(-8.85974e-08, 0.013529, 9.74607e-08, 0.999909)
bones/46/rotation = Quaternion(9.22837e-08, 0.0343729, 1.13809e-07, 0.999409)
bones/47/rotation = Quaternion(3.58769e-08, 0.115182, -4.08777e-07, 0.993344)
bones/48/rotation = Quaternion(-0.44352, 0.444262, 0.597377, 0.499061)
bones/49/rotation = Quaternion(-0.428724, -0.549332, 0.427482, 0.575925)
bones/50/rotation = Quaternion(0.10586, 0.000144829, 0.0111221, 0.994319)
bones/51/rotation = Quaternion(0.0270291, 0.0186621, -0.00128131, 0.99946)
bones/52/rotation = Quaternion(0.0213717, -0.657716, 0.250253, 0.710159)
bones/53/rotation = Quaternion(0.279333, -0.00960584, 0.0326168, 0.959592)
bones/54/rotation = Quaternion(0.192729, -0.0039177, 0.012724, 0.981162)
bones/55/rotation = Quaternion(0.0343424, -0.710229, 0.144205, 0.688186)
bones/56/rotation = Quaternion(0.345134, 0.00157287, 0.0128465, 0.938464)
bones/57/rotation = Quaternion(0.0816391, -8.07786e-05, -0.0116481, 0.996594)
bones/58/rotation = Quaternion(0.0795007, -0.719062, 0.108574, 0.681792)
bones/59/rotation = Quaternion(0.261959, 0.0164603, 0.00882012, 0.964898)
bones/60/rotation = Quaternion(0.159013, 0.00955284, 0.00183859, 0.987229)
bones/61/rotation = Quaternion(0.108099, -0.746925, 0.0219024, 0.655697)
bones/62/rotation = Quaternion(0.207398, 0.0170388, -0.00155329, 0.978107)
bones/63/rotation = Quaternion(0.0859842, 0.00636305, -0.0142155, 0.996175)
bones/64/rotation = Quaternion(-0.233554, 0.909701, 0.313039, -0.141081)
bones/65/rotation = Quaternion(0.223629, -0.0487866, 0.0586772, 0.971682)
bones/66/rotation = Quaternion(0.246476, 0.0484241, 0.00900337, 0.967897)
bones/68/rotation = Quaternion(4.28025e-08, 0.00757719, -9.95526e-08, 0.999971)
bones/69/rotation = Quaternion(2.89985e-07, 0.0186857, -4.53737e-07, 0.999825)
bones/70/rotation = Quaternion(1.36076e-07, -0.0110836, 3.17617e-07, 0.999939)
bones/73/rotation = Quaternion(0.0070441, 0.128653, 0.989467, -0.0659791)
bones/74/rotation = Quaternion(-0.00669007, 0.133959, 0.988763, 0.066016)

[node name="BoneAttachment3D" parent="BodySkeleton/rig/Skeleton3D" index="1"]
transform = Transform3D(0.999953, -0.00966101, 0.000112098, 0.00965722, 0.999075, -0.041916, 0.000292962, 0.0419152, 0.999121, -0.0152722, 1.587, 0.00957128)

[node name="VoiceHandler" parent="BodySkeleton/rig/Skeleton3D/BoneAttachment3D" index="1" instance=ExtResource("3_l2cwv")]
unique_name_in_owner = true

[node name="BreastLWiggle" type="SkeletonModifier3D" parent="BodySkeleton/rig/Skeleton3D" index="2"]
_import_path = NodePath("")
unique_name_in_owner = true
process_mode = 0
process_priority = 0
process_physics_priority = 0
process_thread_group = 0
physics_interpolation_mode = 0
auto_translate_mode = 0
editor_description = ""
transform = Transform3D(0.898474, 0.405672, 0.167856, 0.0396456, 0.305802, -0.951269, -0.437234, 0.861345, 0.258672, 0.00812527, 1.25585, -0.0822803)
rotation_edit_mode = 0
rotation_order = 2
top_level = false
visible = true
visibility_parent = NodePath("")
active = true
influence = 1.0
script = ExtResource("3_ghp2k")
bone_name = "breast.L"
properties = SubResource("Resource_l2cwv")
enableGravityHelper = true
metadata/_custom_type_script = "uid://1n0mqd1c34ui"

[node name="BreastRWiggle" type="SkeletonModifier3D" parent="BodySkeleton/rig/Skeleton3D" index="3"]
_import_path = NodePath("")
unique_name_in_owner = true
process_mode = 0
process_priority = 0
process_physics_priority = 0
process_thread_group = 0
physics_interpolation_mode = 0
auto_translate_mode = 0
editor_description = ""
transform = Transform3D(0.92875, -0.360418, -0.0867376, 0.0194476, 0.281027, -0.959503, 0.370197, 0.889451, 0.268013, -0.0224173, 1.25487, -0.0811598)
rotation_edit_mode = 0
rotation_order = 2
top_level = false
visible = true
visibility_parent = NodePath("")
active = true
influence = 1.0
script = ExtResource("3_ghp2k")
bone_name = "breast.R"
properties = SubResource("Resource_l2cwv")
enableGravityHelper = true
metadata/_custom_type_script = "uid://1n0mqd1c34ui"

[node name="ButtLWiggle" type="SkeletonModifier3D" parent="BodySkeleton/rig/Skeleton3D" index="4"]
_import_path = NodePath("")
unique_name_in_owner = false
process_mode = 0
process_priority = 0
process_physics_priority = 0
process_thread_group = 0
physics_interpolation_mode = 0
auto_translate_mode = 0
editor_description = ""
transform = Transform3D(0.998804, 0.0472668, -0.0124657, 0.0159116, -0.0732424, 0.997187, 0.0462208, -0.996194, -0.0739069, 0.0917468, 0.943343, -0.00850901)
rotation_edit_mode = 0
rotation_order = 2
top_level = false
visible = true
visibility_parent = NodePath("")
active = true
influence = 1.0
script = ExtResource("3_ghp2k")
bone_name = "butt.L"
properties = SubResource("Resource_ghp2k")
metadata/_custom_type_script = "uid://1n0mqd1c34ui"

[node name="ButtRWiggle" type="SkeletonModifier3D" parent="BodySkeleton/rig/Skeleton3D" index="5"]
_import_path = NodePath("")
unique_name_in_owner = false
process_mode = 0
process_priority = 0
process_physics_priority = 0
process_thread_group = 0
physics_interpolation_mode = 0
auto_translate_mode = 0
editor_description = ""
transform = Transform3D(0.994043, -0.106983, -0.0207923, 0.011859, -0.0834703, 0.99644, -0.108338, -0.990751, -0.0817043, -0.0855357, 0.940872, -0.00298309)
rotation_edit_mode = 0
rotation_order = 2
top_level = false
visible = true
visibility_parent = NodePath("")
active = true
influence = 1.0
script = ExtResource("3_ghp2k")
bone_name = "butt.R"
properties = SubResource("Resource_ghp2k")
metadata/_custom_type_script = "uid://1n0mqd1c34ui"

[node name="VaginaWiggle" type="SkeletonModifier3D" parent="BodySkeleton/rig/Skeleton3D" index="6"]
_import_path = NodePath("")
unique_name_in_owner = false
process_mode = 0
process_priority = 0
process_physics_priority = 0
process_thread_group = 0
physics_interpolation_mode = 0
auto_translate_mode = 0
editor_description = ""
transform = Transform3D(0.999418, 0.0147269, -0.0307817, 0.0139271, -0.999564, -0.0260387, -0.0311517, 0.0255948, -0.999187, 0.00411557, 0.926328, 0.0196018)
rotation_edit_mode = 0
rotation_order = 2
top_level = false
visible = true
visibility_parent = NodePath("")
active = true
influence = 1.0
script = ExtResource("3_ghp2k")
bone_name = "vagina"
properties = SubResource("Resource_avrwx")
metadata/_custom_type_script = "uid://1n0mqd1c34ui"

[node name="BoneAttachment3D3" parent="BodySkeleton/rig/Skeleton3D" index="7"]
transform = Transform3D(0.999271, -0.0151323, 0.0350585, 0.025911, 0.943112, -0.331464, -0.0280482, 0.332131, 0.942816, -0.0142507, 1.52334, -0.012849)

[node name="AttachAnkle" parent="BodySkeleton/rig/Skeleton3D" index="8"]
transform = Transform3D(-0.97675, -0.0234056, 0.2131, -0.0309348, -0.968231, -0.248135, 0.212138, -0.248958, 0.944996, 0.122881, 0.515056, 0.0441679)

[node name="AttachAnkle2" parent="BodySkeleton/rig/Skeleton3D" index="9"]
transform = Transform3D(-0.99701, 0.0366017, -0.0680502, -0.0174855, -0.964718, -0.262706, -0.0752648, -0.26073, 0.962473, -0.0885678, 0.51245, 0.0571772)

[node name="AttachWrist" parent="BodySkeleton/rig/Skeleton3D" index="10"]
transform = Transform3D(-0.989501, -0.0931257, 0.110524, 0.108309, -0.984146, 0.140449, 0.0956925, 0.150945, 0.9839, -0.220066, 1.01101, -0.000701807)

[node name="AttachWrist2" parent="BodySkeleton/rig/Skeleton3D" index="11"]
transform = Transform3D(-0.962896, 0.216741, 0.160795, -0.17666, -0.95664, 0.231584, 0.204017, 0.194586, 0.959435, 0.222502, 1.03306, -0.0223765)

[node name="AttachBreast" parent="BodySkeleton/rig/Skeleton3D" index="12"]
transform = Transform3D(0.898474, 0.405672, 0.167856, 0.0396456, 0.305802, -0.951269, -0.437234, 0.861345, 0.258672, 0.00812527, 1.25585, -0.0822803)

[node name="AttachBreast2" parent="BodySkeleton/rig/Skeleton3D" index="13"]
transform = Transform3D(0.928749, -0.360418, -0.0867376, 0.0194476, 0.281027, -0.959503, 0.370197, 0.889451, 0.268013, -0.0224173, 1.25487, -0.0811598)

[node name="ChestBoneAttachment" parent="BodySkeleton/rig/Skeleton3D" index="14"]
transform = Transform3D(0.998806, -0.0365219, 0.0324396, 0.0323019, 0.991975, 0.122243, -0.0366438, -0.121049, 0.99197, -0.00115202, 1.18986, 0.0239202)

[node name="UpperChestBoneAttachment" parent="BodySkeleton/rig/Skeleton3D" index="15"]
transform = Transform3D(0.998571, -0.0412251, 0.0340155, 0.0376166, 0.994211, 0.100648, -0.0379678, -0.0992246, 0.994341, -0.00692829, 1.34675, 0.00477527)

[node name="BoneAttachment3D2" parent="BodySkeleton/rig/Skeleton3D" index="16"]
transform = Transform3D(0.999418, -0.00881733, 0.0329646, 0.0139271, 0.987316, -0.158154, -0.0311519, 0.158521, 0.986864, 0.00357553, 0.894773, -0.011831)

[node name="DollAttachPoint" parent="BodySkeleton/rig/Skeleton3D/BoneAttachment3D2" index="0"]
transform = Transform3D(1, -1.45787e-15, -1.45906e-15, 1.70219e-15, 0.982808, 0.184638, 1.16479e-15, -0.184638, 0.982808, -1.65712e-15, 0.127416, -0.0878506)

[node name="SquirtParticles1" parent="BodySkeleton/rig/Skeleton3D/BoneAttachment3D2/SquirtNode" index="0"]
process_material = SubResource("ParticleProcessMaterial_a0xc8")

[node name="SquirtParticles2" parent="BodySkeleton/rig/Skeleton3D/BoneAttachment3D2/SquirtNode" index="1"]
process_material = SubResource("ParticleProcessMaterial_q8qd3")

[node name="SquirtParticles3" parent="BodySkeleton/rig/Skeleton3D/BoneAttachment3D2/SquirtNode" index="2"]
process_material = SubResource("ParticleProcessMaterial_i5c51")

[node name="AnimationPlayer" type="AnimationPlayer" parent="BodySkeleton"]
unique_name_in_owner = true
libraries = {
&"BasicAnims": ExtResource("5_avrwx"),
&"LocomotionAnims": ExtResource("7_l2cwv"),
&"RestraintAnims": ExtResource("8_yudco")
}
autoplay = "BodyAnims/Idle"

[node name="AnimationTree" type="AnimationTree" parent="BodySkeleton"]
unique_name_in_owner = true
root_node = NodePath("%AnimationTree/..")
tree_root = ExtResource("10_yn8uc")
anim_player = NodePath("../AnimationPlayer")
parameters/ArmBinder_Blend/blend_amount = 0.0
parameters/Arms_Blend/blend_amount = 0.0
parameters/Arms_Selector/current_state = "state_0"
parameters/Arms_Selector/transition_request = ""
parameters/Arms_Selector/current_index = 0
parameters/CuffedBehindBack_Blend/blend_amount = 0.0
parameters/CuffedFront_Blend/blend_amount = 0.0
parameters/Locomotion/Idle/Idle_Selector/current_state = "normal1"
parameters/Locomotion/Idle/Idle_Selector/transition_request = ""
parameters/Locomotion/Idle/Idle_Selector/current_index = 0
parameters/Locomotion/Walk/Walk_Selector/current_state = "unisex"
parameters/Locomotion/Walk/Walk_Selector/transition_request = ""
parameters/Locomotion/Walk/Walk_Selector/current_index = 0
parameters/RestraintAnims_BRIDGE/blend_amount = 0

[node name="AnimationPlayerRestraints" type="AnimationPlayer" parent="BodySkeleton"]
unique_name_in_owner = true
active = false
libraries = {
&"RestraintAnims": ExtResource("8_yudco")
}
autoplay = "BodyAnims/Idle"

[node name="AnimationTreeRestraints" type="AnimationTree" parent="BodySkeleton"]
unique_name_in_owner = true
active = false
root_node = NodePath("%AnimationTreeRestraints/..")
tree_root = ExtResource("9_1pahp")
anim_player = NodePath("../AnimationPlayerRestraints")
parameters/ArmBinder_Blend/blend_amount = 0.0
parameters/Arms_Blend/blend_amount = 0
parameters/Arms_Selector/current_state = ""
parameters/Arms_Selector/transition_request = "state_0"
parameters/Arms_Selector/current_index = -1
parameters/CuffedBehindBack_Blend/blend_amount = 0
parameters/CuffedFront_Blend/blend_amount = 0
parameters/RestraintAnims_BRIDGE/blend_amount = 0

[node name="TestHeadDollPart" parent="." instance=ExtResource("2_4v17s")]

[node name="DollAttachTo" parent="TestHeadDollPart" node_paths=PackedStringArray("skeletonMeshes") instance=ExtResource("4_mwovh")]
attachPoint = "head"
skeletonMeshes = [NodePath("MeshInstance3D")]

[node name="MeshInstance3D" type="MeshInstance3D" parent="TestHeadDollPart/DollAttachTo"]
transform = Transform3D(1, 0, 0, 0, 1, 0, 0, 0, 1, 0, 0.162449, 0)
visible = false
mesh = SubResource("SphereMesh_6wvr0")

[node name="AlphaMaskTexture" parent="." instance=ExtResource("10_ehs3x")]
unique_name_in_owner = true
resolution = Vector2i(256, 256)
clearColor = Color(0, 0, 0, 0)

[connection signal="onEvent" from="BodySkeleton/rig/Skeleton3D/BoneAttachment3D/VoiceHandler" to="." method="_on_voice_handler_on_event"]
[connection signal="onSound" from="BodySkeleton/rig/Skeleton3D/BoneAttachment3D/VoiceHandler" to="." method="_on_voice_handler_on_sound"]
[connection signal="onTextureUpdated" from="AlphaMaskTexture" to="." method="_on_alpha_mask_texture_on_texture_updated"]

[editable path="BodySkeleton"]
