[gd_scene load_steps=18 format=3 uid="uid://y65ir3supv5s"]

[ext_resource type="Script" uid="uid://cy0ulaqjxe5e3" path="res://Game/Doll/doll.gd" id="1_x8ebr"]
[ext_resource type="PackedScene" uid="uid://c56fqxox0e0ia" path="res://Mesh/Skeleton/body_skeleton.tscn" id="2_k7aqf"]
[ext_resource type="Script" uid="uid://1n0mqd1c34ui" path="res://addons/wigglebone/wiggle_rotation_modifier_3d.gd" id="3_ghp2k"]
[ext_resource type="PackedScene" uid="uid://dyx0lcoi6r0tp" path="res://Game/Doll/FaceAnimator/voice_handler.tscn" id="3_l2cwv"]
[ext_resource type="Script" uid="uid://dk8kgax5eyeng" path="res://addons/wigglebone/wiggle_rotation_properties_3d.gd" id="4_avrwx"]
[ext_resource type="AnimationLibrary" uid="uid://nn3cjmcfumow" path="res://Anims/Raw/BasicAnims.glb" id="5_avrwx"]
[ext_resource type="AnimationLibrary" uid="uid://cmuxw6uiifp2h" path="res://Anims/Raw/LocomotionAnims.glb" id="7_l2cwv"]
[ext_resource type="AnimationLibrary" uid="uid://b08i0engip1rw" path="res://Anims/Raw/RestraintAnims.glb" id="8_yudco"]
[ext_resource type="AnimationNodeBlendTree" uid="uid://c8ovbng4kuwt3" path="res://Game/Doll/Util/DollBlendTreeBase.tres" id="9_1pahp"]
[ext_resource type="PackedScene" uid="uid://bgux6rpndyvti" path="res://Mesh/Materials/MyLayeredTexture/my_layered_texture.tscn" id="10_ehs3x"]
[ext_resource type="AnimationNodeBlendTree" uid="uid://snasey7u5o67" path="res://Game/Doll/Util/DollBlendTree.tres" id="10_yn8uc"]

[sub_resource type="Resource" id="Resource_l2cwv"]
script = ExtResource("4_avrwx")
spring_freq = 3.0
angular_damp = 10.0
force_scale = 1200.0
linear_scale = 360.0
swing_span = 0.349066
gravity = Vector3(0, -10, 0)
metadata/_custom_type_script = ExtResource("4_avrwx")

[sub_resource type="Resource" id="Resource_ghp2k"]
script = ExtResource("4_avrwx")
spring_freq = 2.0
angular_damp = 5.0
force_scale = 180.0
linear_scale = 3600.0
swing_span = 0.174533
gravity = Vector3(0, 0, 0)
metadata/_custom_type_script = ExtResource("4_avrwx")

[sub_resource type="Resource" id="Resource_avrwx"]
script = ExtResource("4_avrwx")
spring_freq = 3.0
angular_damp = 5.0
force_scale = 180.0
linear_scale = 360.0
swing_span = 0.436332
gravity = Vector3(0, 0, 0)
metadata/_custom_type_script = "uid://dk8kgax5eyeng"

[sub_resource type="ParticleProcessMaterial" id="ParticleProcessMaterial_a0xc8"]
resource_local_to_scene = true
direction = Vector3(0, 0, 1)
spread = 1.0
initial_velocity_max = 3.0
scale_max = 2.0

[sub_resource type="ParticleProcessMaterial" id="ParticleProcessMaterial_q8qd3"]
resource_local_to_scene = true
direction = Vector3(0, 0, 1)
spread = 1.0
initial_velocity_max = 3.0
scale_max = 2.0

[sub_resource type="ParticleProcessMaterial" id="ParticleProcessMaterial_i5c51"]
resource_local_to_scene = true
direction = Vector3(0, 0, 1)
spread = 1.0
initial_velocity_max = 3.0
scale_max = 2.0

[node name="Doll" type="Node3D"]
script = ExtResource("1_x8ebr")

[node name="Parts" type="Node3D" parent="."]
unique_name_in_owner = true

[node name="BodySkeleton" parent="Parts" instance=ExtResource("2_k7aqf")]
unique_name_in_owner = true

[node name="Skeleton3D" parent="Parts/BodySkeleton/rig" index="0"]
bones/0/position = Vector3(0, 0, 0.0433595)
bones/1/position = Vector3(0.00265846, 0.0479395, 0.894226)
bones/1/rotation = Quaternion(0.757624, 0.00851674, 0.0159371, 0.652441)
bones/2/rotation = Quaternion(0.0987017, 0.135093, 0.985779, -0.0157167)
bones/3/rotation = Quaternion(-0.192722, 0.00662927, -0.00574874, 0.981214)
bones/4/rotation = Quaternion(0.64627, -0.00814217, -0.0118311, 0.762974)
bones/5/rotation = Quaternion(0.208411, -0.000769484, -0.00016347, 0.978041)
bones/6/rotation = Quaternion(-0.0714043, -7.69243e-08, -7.86403e-08, 0.997447)
bones/7/rotation = Quaternion(-9.21667e-08, 0.0486012, 7.67241e-08, 0.998818)
bones/7/scale = Vector3(1, 1, 1)
bones/8/rotation = Quaternion(-0.0045741, -2.5841e-07, 9.48908e-08, 0.99999)
bones/9/rotation = Quaternion(-0.00821903, -1.43492e-06, -9.65002e-10, 0.999966)
bones/10/rotation = Quaternion(-0.782826, -0.0292199, -0.0253754, 0.621037)
bones/11/rotation = Quaternion(-0.0600245, 0.139676, 0.988373, 0.0027221)
bones/12/rotation = Quaternion(-0.200968, -0.00667738, 0.00569278, 0.979559)
bones/13/rotation = Quaternion(0.65242, 0.0628563, -0.0395427, 0.754211)
bones/14/rotation = Quaternion(0.220572, 0.00127185, 0.000275446, 0.97537)
bones/15/rotation = Quaternion(-0.0760241, 6.53283e-08, 1.2278e-07, 0.997106)
bones/16/rotation = Quaternion(-1.16006e-08, -0.029941, -5.87096e-08, 0.999552)
bones/17/rotation = Quaternion(-0.00521239, 2.51325e-07, -1.06045e-07, 0.999986)
bones/18/rotation = Quaternion(-0.00989078, 1.43356e-06, -4.77347e-08, 0.999951)
bones/19/rotation = Quaternion(-0.785192, 0.0291228, 0.0254869, 0.618041)
bones/20/rotation = Quaternion(-0.0473469, 0.00665924, 0.00568762, 0.99884)
bones/21/rotation = Quaternion(-0.100569, 0.00124811, 0.00327232, 0.994924)
bones/22/rotation = Quaternion(0.00821279, 0.000961282, 0.00339043, 0.99996)
bones/23/rotation = Quaternion(0.222979, -0.00593926, -0.00446981, 0.974795)
bones/24/rotation = Quaternion(-0.142151, -0.0156853, -0.0046145, 0.98971)
bones/25/rotation = Quaternion(-0.45087, -0.439608, -0.574228, 0.523186)
bones/26/rotation = Quaternion(-0.52034, 0.456008, -0.377745, 0.615314)
bones/27/rotation = Quaternion(0.157223, -0.000720755, -0.0110997, 0.987501)
bones/28/rotation = Quaternion(0.0182735, 0.0314464, -0.0354948, 0.998708)
bones/29/rotation = Quaternion(-0.0128109, 0.649168, -0.275168, 0.709013)
bones/30/rotation = Quaternion(0.277596, 0.00948548, -0.0322998, 0.960108)
bones/31/rotation = Quaternion(0.166321, 0.00461373, -0.0344825, 0.985458)
bones/32/rotation = Quaternion(0.0337859, 0.706848, -0.206528, 0.6757)
bones/33/rotation = Quaternion(0.338475, -0.00148533, -0.0125051, 0.940891)
bones/34/rotation = Quaternion(0.15458, -0.0013292, -0.0077326, 0.987949)
bones/35/rotation = Quaternion(0.0659573, 0.717671, -0.160847, 0.674334)
bones/36/rotation = Quaternion(0.290917, -0.0186566, -0.00909272, 0.956523)
bones/37/rotation = Quaternion(0.161842, -0.00965681, -0.00323022, 0.986764)
bones/38/rotation = Quaternion(0.0929861, 0.743274, -0.0818224, 0.657421)
bones/39/rotation = Quaternion(0.279316, -0.0254899, 0.00576787, 0.959844)
bones/40/rotation = Quaternion(0.148158, -0.0132568, 0.00949666, 0.988829)
bones/41/rotation = Quaternion(0.258996, 0.91767, 0.288542, 0.0868741)
bones/42/rotation = Quaternion(0.268329, 0.0456234, -0.0461033, 0.961141)
bones/43/rotation = Quaternion(0.198863, 0.029342, -0.0888305, 0.975552)
bones/45/rotation = Quaternion(-8.24566e-08, 0.00999354, 2.16524e-08, 0.99995)
bones/46/rotation = Quaternion(5.49204e-07, 0.0332266, 1.53034e-07, 0.999448)
bones/47/rotation = Quaternion(-1.06242e-07, 0.0751483, -1.3498e-07, 0.997172)
bones/47/scale = Vector3(1, 1, 1)
bones/48/rotation = Quaternion(-0.443117, 0.444619, 0.597687, 0.49873)
bones/49/rotation = Quaternion(-0.433547, -0.551326, 0.425887, 0.571574)
bones/50/rotation = Quaternion(0.109901, 0.000190048, 0.0111214, 0.99388)
bones/51/rotation = Quaternion(0.0247361, 0.0137504, -0.0222594, 0.999352)
bones/52/rotation = Quaternion(0.0213717, -0.657716, 0.250253, 0.710159)
bones/53/rotation = Quaternion(0.279333, -0.00960584, 0.0326168, 0.959592)
bones/54/rotation = Quaternion(0.192729, -0.0039177, 0.012724, 0.981162)
bones/55/rotation = Quaternion(0.0343424, -0.710229, 0.144205, 0.688186)
bones/56/rotation = Quaternion(0.345134, 0.00157287, 0.0128465, 0.938464)
bones/57/rotation = Quaternion(0.0816391, -8.07786e-05, -0.0116481, 0.996594)
bones/58/rotation = Quaternion(0.0795007, -0.719062, 0.108574, 0.681792)
bones/59/rotation = Quaternion(0.261959, 0.0164603, 0.00882012, 0.964898)
bones/60/rotation = Quaternion(0.159013, 0.00955284, 0.00183859, 0.987229)
bones/61/rotation = Quaternion(0.108099, -0.746925, 0.0219024, 0.655697)
bones/62/rotation = Quaternion(0.207398, 0.0170388, -0.00155329, 0.978107)
bones/63/rotation = Quaternion(0.0859842, 0.00636305, -0.0142155, 0.996175)
bones/64/rotation = Quaternion(-0.233554, 0.909701, 0.313039, -0.141081)
bones/65/rotation = Quaternion(0.223629, -0.0487866, 0.0586772, 0.971683)
bones/66/rotation = Quaternion(0.246476, 0.0484241, 0.00900337, 0.967897)
bones/68/rotation = Quaternion(2.68907e-08, 0.00653533, -3.1012e-08, 0.999979)
bones/69/rotation = Quaternion(1.03121e-08, 0.0147514, -2.70182e-07, 0.999891)
bones/70/rotation = Quaternion(2.34337e-08, -0.00843891, 2.68093e-07, 0.999964)
bones/70/scale = Vector3(1, 1, 1)
bones/73/rotation = Quaternion(0.00947351, 0.0920605, 0.99354, -0.0656744)
bones/74/rotation = Quaternion(-0.00678788, 0.132494, 0.98896, 0.066006)

[node name="BoneAttachment3D" parent="Parts/BodySkeleton/rig/Skeleton3D" index="1"]
transform = Transform3D(0.99984, -0.0135777, 0.0116613, 0.0139664, 0.999327, -0.0339168, -0.0111929, 0.0340742, 0.999357, -0.0168656, 1.58613, 0.00215543)

[node name="VoiceHandler" parent="Parts/BodySkeleton/rig/Skeleton3D/BoneAttachment3D" index="1" instance=ExtResource("3_l2cwv")]
unique_name_in_owner = true

[node name="BreastLWiggle" type="SkeletonModifier3D" parent="Parts/BodySkeleton/rig/Skeleton3D" index="2"]
_import_path = NodePath("")
unique_name_in_owner = true
process_mode = 0
process_priority = 0
process_physics_priority = 0
process_thread_group = 0
physics_interpolation_mode = 0
auto_translate_mode = 0
editor_description = ""
transform = Transform3D(0.893515, 0.41491, 0.171698, 0.0292865, 0.32771, -0.944324, -0.448077, 0.848797, 0.280663, 0.00626412, 1.25305, -0.0810363)
rotation_edit_mode = 0
rotation_order = 2
top_level = false
visible = true
visibility_parent = NodePath("")
active = true
influence = 1.0
script = ExtResource("3_ghp2k")
bone_name = "breast.L"
properties = SubResource("Resource_l2cwv")
enableGravityHelper = true
metadata/_custom_type_script = "uid://1n0mqd1c34ui"

[node name="BreastRWiggle" type="SkeletonModifier3D" parent="Parts/BodySkeleton/rig/Skeleton3D" index="3"]
_import_path = NodePath("")
unique_name_in_owner = true
process_mode = 0
process_priority = 0
process_physics_priority = 0
process_thread_group = 0
physics_interpolation_mode = 0
auto_translate_mode = 0
editor_description = ""
transform = Transform3D(0.932788, -0.350793, -0.0827674, 0.0294615, 0.303079, -0.95251, 0.359219, 0.886051, 0.293044, -0.0242631, 1.25206, -0.079551)
rotation_edit_mode = 0
rotation_order = 2
top_level = false
visible = true
visibility_parent = NodePath("")
active = true
influence = 1.0
script = ExtResource("3_ghp2k")
bone_name = "breast.R"
properties = SubResource("Resource_l2cwv")
enableGravityHelper = true
metadata/_custom_type_script = "uid://1n0mqd1c34ui"

[node name="ButtLWiggle" type="SkeletonModifier3D" parent="Parts/BodySkeleton/rig/Skeleton3D" index="4"]
_import_path = NodePath("")
unique_name_in_owner = false
process_mode = 0
process_priority = 0
process_physics_priority = 0
process_thread_group = 0
physics_interpolation_mode = 0
auto_translate_mode = 0
editor_description = ""
transform = Transform3D(0.998922, 0.0447726, -0.0122673, 0.0158066, -0.0795745, 0.996704, 0.0436489, -0.995823, -0.0801964, 0.0908642, 0.942776, -0.00196451)
rotation_edit_mode = 0
rotation_order = 2
top_level = false
visible = true
visibility_parent = NodePath("")
active = true
influence = 1.0
script = ExtResource("3_ghp2k")
bone_name = "butt.L"
properties = SubResource("Resource_ghp2k")
metadata/_custom_type_script = "uid://1n0mqd1c34ui"

[node name="ButtRWiggle" type="SkeletonModifier3D" parent="Parts/BodySkeleton/rig/Skeleton3D" index="5"]
_import_path = NodePath("")
unique_name_in_owner = false
process_mode = 0
process_priority = 0
process_physics_priority = 0
process_thread_group = 0
physics_interpolation_mode = 0
auto_translate_mode = 0
editor_description = ""
transform = Transform3D(0.993785, -0.10951, -0.0199717, 0.0101859, -0.0892017, 0.995962, -0.110849, -0.989975, -0.0875319, -0.0864057, 0.940464, 0.00401357)
rotation_edit_mode = 0
rotation_order = 2
top_level = false
visible = true
visibility_parent = NodePath("")
active = true
influence = 1.0
script = ExtResource("3_ghp2k")
bone_name = "butt.R"
properties = SubResource("Resource_ghp2k")
metadata/_custom_type_script = "uid://1n0mqd1c34ui"

[node name="VaginaWiggle" type="SkeletonModifier3D" parent="Parts/BodySkeleton/rig/Skeleton3D" index="6"]
_import_path = NodePath("")
unique_name_in_owner = false
process_mode = 0
process_priority = 0
process_physics_priority = 0
process_thread_group = 0
physics_interpolation_mode = 0
auto_translate_mode = 0
editor_description = ""
transform = Transform3D(0.999347, 0.0142387, -0.0332102, 0.0130353, -0.99926, -0.0361758, -0.0337008, 0.0357193, -0.998794, 0.00329181, 0.926098, 0.026529)
rotation_edit_mode = 0
rotation_order = 2
top_level = false
visible = true
visibility_parent = NodePath("")
active = true
influence = 1.0
script = ExtResource("3_ghp2k")
bone_name = "vagina"
properties = SubResource("Resource_avrwx")
metadata/_custom_type_script = "uid://1n0mqd1c34ui"

[node name="BoneAttachment3D3" parent="Parts/BodySkeleton/rig/Skeleton3D" index="7"]
transform = Transform3D(0.998774, -0.0144195, 0.0473572, 0.0285517, 0.949284, -0.313119, -0.0404404, 0.314088, 0.948532, -0.0158922, 1.52205, -0.0190468)

[node name="AttachAnkle" parent="Parts/BodySkeleton/rig/Skeleton3D" index="8"]
transform = Transform3D(-0.975607, -0.023272, 0.218288, -0.0341812, -0.966134, -0.255769, 0.216847, -0.256991, 0.941771, 0.123095, 0.514232, 0.0478859)

[node name="AttachAnkle2" parent="Parts/BodySkeleton/rig/Skeleton3D" index="9"]
transform = Transform3D(-0.997097, 0.0380106, -0.0659688, -0.0188206, -0.962623, -0.270188, -0.0737732, -0.268162, 0.960545, -0.088494, 0.511539, 0.0605192)

[node name="AttachWrist" parent="Parts/BodySkeleton/rig/Skeleton3D" index="10"]
transform = Transform3D(-0.987817, -0.0838909, 0.131068, 0.105196, -0.98064, 0.165165, 0.114675, 0.176941, 0.977518, -0.218513, 1.00965, 0.00711191)

[node name="AttachWrist2" parent="Parts/BodySkeleton/rig/Skeleton3D" index="11"]
transform = Transform3D(-0.958676, 0.216726, 0.18431, -0.164803, -0.951117, 0.261184, 0.231905, 0.220016, 0.94753, 0.217804, 1.03162, -0.0209934)

[node name="AttachBreast" parent="Parts/BodySkeleton/rig/Skeleton3D" index="12"]
transform = Transform3D(0.893515, 0.41491, 0.171698, 0.0292865, 0.32771, -0.944324, -0.448077, 0.848797, 0.280663, 0.00626412, 1.25305, -0.0810363)

[node name="AttachBreast2" parent="Parts/BodySkeleton/rig/Skeleton3D" index="13"]
transform = Transform3D(0.932788, -0.350793, -0.0827674, 0.0294615, 0.303079, -0.95251, 0.359219, 0.886051, 0.293044, -0.0242631, 1.25206, -0.079551)

[node name="ChestBoneAttachment" parent="Parts/BodySkeleton/rig/Skeleton3D" index="14"]
transform = Transform3D(0.998303, -0.0388836, 0.0433422, 0.0321132, 0.988582, 0.147222, -0.0485719, -0.14558, 0.988154, -0.00176399, 1.18974, 0.0268894)

[node name="UpperChestBoneAttachment" parent="Parts/BodySkeleton/rig/Skeleton3D" index="15"]
transform = Transform3D(0.997933, -0.0449186, 0.0459495, 0.0385563, 0.990628, 0.131034, -0.0514048, -0.128992, 0.990313, -0.00791377, 1.34609, 0.00386459)

[node name="BoneAttachment3D2" parent="Parts/BodySkeleton/rig/Skeleton3D" index="16"]
transform = Transform3D(0.999347, -0.00789104, 0.035262, 0.0130353, 0.988881, -0.148134, -0.033701, 0.148497, 0.988339, 0.00265846, 0.894226, -0.00457998)

[node name="DollAttachPoint" parent="Parts/BodySkeleton/rig/Skeleton3D/BoneAttachment3D2" index="0"]
transform = Transform3D(1, -1.45787e-15, -1.45906e-15, 1.70219e-15, 0.982808, 0.184638, 1.16479e-15, -0.184638, 0.982808, -1.65712e-15, 0.127416, -0.0878506)

[node name="SquirtParticles1" parent="Parts/BodySkeleton/rig/Skeleton3D/BoneAttachment3D2/SquirtNode" index="0"]
process_material = SubResource("ParticleProcessMaterial_a0xc8")

[node name="SquirtParticles2" parent="Parts/BodySkeleton/rig/Skeleton3D/BoneAttachment3D2/SquirtNode" index="1"]
process_material = SubResource("ParticleProcessMaterial_q8qd3")

[node name="SquirtParticles3" parent="Parts/BodySkeleton/rig/Skeleton3D/BoneAttachment3D2/SquirtNode" index="2"]
process_material = SubResource("ParticleProcessMaterial_i5c51")

[node name="AnimationPlayer" type="AnimationPlayer" parent="Parts/BodySkeleton"]
unique_name_in_owner = true
libraries = {
&"BasicAnims": ExtResource("5_avrwx"),
&"LocomotionAnims": ExtResource("7_l2cwv"),
&"RestraintAnims": ExtResource("8_yudco")
}
autoplay = "BodyAnims/Idle"

[node name="AnimationTree" type="AnimationTree" parent="Parts/BodySkeleton"]
unique_name_in_owner = true
root_node = NodePath("%AnimationTree/..")
tree_root = ExtResource("10_yn8uc")
anim_player = NodePath("../AnimationPlayer")
parameters/ArmBinder_Blend/blend_amount = 0.0
parameters/Arms_Blend/blend_amount = 0.0
parameters/Arms_Selector/current_state = "state_0"
parameters/Arms_Selector/transition_request = ""
parameters/Arms_Selector/current_index = 0
parameters/CuffedBehindBack_Blend/blend_amount = 0.0
parameters/CuffedFront_Blend/blend_amount = 0.0
parameters/Locomotion/Idle/Idle_Selector/current_state = "normal1"
parameters/Locomotion/Idle/Idle_Selector/transition_request = ""
parameters/Locomotion/Idle/Idle_Selector/current_index = 0
parameters/Locomotion/Walk/Walk_Selector/current_state = "unisex"
parameters/Locomotion/Walk/Walk_Selector/transition_request = ""
parameters/Locomotion/Walk/Walk_Selector/current_index = 0
parameters/RestraintAnims_BRIDGE/blend_amount = 0

[node name="AnimationPlayerRestraints" type="AnimationPlayer" parent="Parts/BodySkeleton"]
unique_name_in_owner = true
active = false
libraries = {
&"RestraintAnims": ExtResource("8_yudco")
}
autoplay = "BodyAnims/Idle"

[node name="AnimationTreeRestraints" type="AnimationTree" parent="Parts/BodySkeleton"]
unique_name_in_owner = true
active = false
root_node = NodePath("%AnimationTreeRestraints/..")
tree_root = ExtResource("9_1pahp")
anim_player = NodePath("../AnimationPlayerRestraints")
parameters/ArmBinder_Blend/blend_amount = 0.0
parameters/Arms_Blend/blend_amount = 0
parameters/Arms_Selector/current_state = ""
parameters/Arms_Selector/transition_request = "state_0"
parameters/Arms_Selector/current_index = -1
parameters/CuffedBehindBack_Blend/blend_amount = 0
parameters/CuffedFront_Blend/blend_amount = 0
parameters/RestraintAnims_BRIDGE/blend_amount = 0

[node name="AlphaMaskTexture" parent="." instance=ExtResource("10_ehs3x")]
unique_name_in_owner = true
resolution = Vector2i(256, 256)
clearColor = Color(0, 0, 0, 0)

[connection signal="onEvent" from="Parts/BodySkeleton/rig/Skeleton3D/BoneAttachment3D/VoiceHandler" to="." method="_on_voice_handler_on_event"]
[connection signal="onSound" from="Parts/BodySkeleton/rig/Skeleton3D/BoneAttachment3D/VoiceHandler" to="." method="_on_voice_handler_on_sound"]
[connection signal="onTextureUpdated" from="AlphaMaskTexture" to="." method="_on_alpha_mask_texture_on_texture_updated"]

[editable path="Parts/BodySkeleton"]
