[gd_scene load_steps=21 format=3 uid="uid://y65ir3supv5s"]

[ext_resource type="Script" uid="uid://cy0ulaqjxe5e3" path="res://Game/Doll/doll.gd" id="1_x8ebr"]
[ext_resource type="PackedScene" uid="uid://1374ob78ucv7" path="res://Game/Doll/doll_part.tscn" id="2_4v17s"]
[ext_resource type="PackedScene" uid="uid://c56fqxox0e0ia" path="res://Mesh/Skeleton/body_skeleton.tscn" id="2_k7aqf"]
[ext_resource type="Script" uid="uid://1n0mqd1c34ui" path="res://addons/wigglebone/wiggle_rotation_modifier_3d.gd" id="3_ghp2k"]
[ext_resource type="PackedScene" uid="uid://dyx0lcoi6r0tp" path="res://Game/Doll/FaceAnimator/voice_handler.tscn" id="3_l2cwv"]
[ext_resource type="Script" uid="uid://dk8kgax5eyeng" path="res://addons/wigglebone/wiggle_rotation_properties_3d.gd" id="4_avrwx"]
[ext_resource type="PackedScene" uid="uid://br61otcq86wpv" path="res://Game/Doll/doll_attach_to.tscn" id="4_mwovh"]
[ext_resource type="AnimationLibrary" uid="uid://nn3cjmcfumow" path="res://Anims/Raw/BasicAnims.glb" id="5_avrwx"]
[ext_resource type="AnimationLibrary" uid="uid://cmuxw6uiifp2h" path="res://Anims/Raw/LocomotionAnims.glb" id="7_l2cwv"]
[ext_resource type="AnimationLibrary" uid="uid://b08i0engip1rw" path="res://Anims/Raw/RestraintAnims.glb" id="8_yudco"]
[ext_resource type="AnimationNodeBlendTree" uid="uid://c8ovbng4kuwt3" path="res://Game/Doll/Util/DollBlendTreeBase.tres" id="9_1pahp"]
[ext_resource type="PackedScene" uid="uid://bgux6rpndyvti" path="res://Mesh/Materials/MyLayeredTexture/my_layered_texture.tscn" id="10_ehs3x"]
[ext_resource type="AnimationNodeBlendTree" uid="uid://snasey7u5o67" path="res://Game/Doll/Util/DollBlendTree.tres" id="10_yn8uc"]

[sub_resource type="Resource" id="Resource_l2cwv"]
script = ExtResource("4_avrwx")
spring_freq = 3.0
angular_damp = 10.0
force_scale = 1200.0
linear_scale = 360.0
swing_span = 0.349066
gravity = Vector3(0, -10, 0)
metadata/_custom_type_script = ExtResource("4_avrwx")

[sub_resource type="Resource" id="Resource_ghp2k"]
script = ExtResource("4_avrwx")
spring_freq = 2.0
angular_damp = 5.0
force_scale = 180.0
linear_scale = 3600.0
swing_span = 0.174533
gravity = Vector3(0, 0, 0)
metadata/_custom_type_script = ExtResource("4_avrwx")

[sub_resource type="Resource" id="Resource_avrwx"]
script = ExtResource("4_avrwx")
spring_freq = 3.0
angular_damp = 5.0
force_scale = 180.0
linear_scale = 360.0
swing_span = 0.436332
gravity = Vector3(0, 0, 0)
metadata/_custom_type_script = "uid://dk8kgax5eyeng"

[sub_resource type="ParticleProcessMaterial" id="ParticleProcessMaterial_a0xc8"]
resource_local_to_scene = true
direction = Vector3(0, 0, 1)
spread = 1.0
initial_velocity_max = 3.0
scale_max = 2.0

[sub_resource type="ParticleProcessMaterial" id="ParticleProcessMaterial_q8qd3"]
resource_local_to_scene = true
direction = Vector3(0, 0, 1)
spread = 1.0
initial_velocity_max = 3.0
scale_max = 2.0

[sub_resource type="ParticleProcessMaterial" id="ParticleProcessMaterial_i5c51"]
resource_local_to_scene = true
direction = Vector3(0, 0, 1)
spread = 1.0
initial_velocity_max = 3.0
scale_max = 2.0

[sub_resource type="SphereMesh" id="SphereMesh_6wvr0"]
radius = 0.2
height = 0.4

[node name="Doll" type="Node3D"]
script = ExtResource("1_x8ebr")

[node name="BodySkeleton" parent="." instance=ExtResource("2_k7aqf")]
unique_name_in_owner = true

[node name="Skeleton3D" parent="BodySkeleton/rig" index="0"]
bones/0/position = Vector3(0, 0, 0.0307776)
bones/1/position = Vector3(0.00452554, 0.0428747, 0.894785)
bones/1/rotation = Quaternion(0.759682, 0.00601552, 0.0149058, 0.650096)
bones/2/rotation = Quaternion(0.0978943, 0.14085, 0.9851, -0.0125214)
bones/3/rotation = Quaternion(-0.191512, 0.00662216, -0.00575691, 0.981451)
bones/4/rotation = Quaternion(0.643802, -0.0115209, -0.00824543, 0.765061)
bones/5/rotation = Quaternion(0.207313, -0.000534565, -0.000113392, 0.978274)
bones/6/rotation = Quaternion(-0.0713378, -7.57412e-08, -9.65435e-08, 0.997452)
bones/7/rotation = Quaternion(-8.02361e-11, 0.0752607, -5.03295e-08, 0.997164)
bones/7/scale = Vector3(1, 1, 1)
bones/8/rotation = Quaternion(-0.00457407, -2.69004e-07, 4.69272e-08, 0.99999)
bones/9/rotation = Quaternion(-0.00821903, -1.43492e-06, -9.65002e-10, 0.999966)
bones/10/rotation = Quaternion(-0.783191, -0.0292049, -0.0253926, 0.620575)
bones/11/rotation = Quaternion(-0.0594853, 0.147859, 0.987206, 0.00476278)
bones/12/rotation = Quaternion(-0.203243, -0.00669058, 0.00567726, 0.979089)
bones/13/rotation = Quaternion(0.649355, 0.061199, -0.03812, 0.75706)
bones/14/rotation = Quaternion(0.22165, 0.00135371, 0.000293256, 0.975125)
bones/15/rotation = Quaternion(-0.0763208, 6.02294e-08, 1.08418e-07, 0.997083)
bones/16/rotation = Quaternion(4.09146e-08, -0.0454359, 6.92238e-08, 0.998967)
bones/17/rotation = Quaternion(-0.00521246, 2.16802e-07, -1.16719e-07, 0.999986)
bones/18/rotation = Quaternion(-0.00989078, 1.43356e-06, -4.77347e-08, 0.999951)
bones/19/rotation = Quaternion(-0.785621, 0.0291051, 0.0255071, 0.617497)
bones/20/rotation = Quaternion(-0.0445677, 0.000116841, 0.00620122, 0.998987)
bones/21/rotation = Quaternion(-0.093672, 0.000228504, 0.00336824, 0.995597)
bones/22/rotation = Quaternion(0.0151429, -3.23712e-05, 0.00338752, 0.99988)
bones/23/rotation = Quaternion(0.214159, -0.00522339, -0.00704297, 0.976759)
bones/24/rotation = Quaternion(-0.151132, -0.015206, -0.00707594, 0.988371)
bones/25/rotation = Quaternion(-0.450713, -0.439633, -0.575474, 0.521929)
bones/26/rotation = Quaternion(-0.494884, 0.455706, -0.393598, 0.626501)
bones/27/rotation = Quaternion(0.133823, -0.000458025, -0.0111136, 0.990943)
bones/28/rotation = Quaternion(0.0276162, 0.0310792, -0.0386789, 0.998386)
bones/29/rotation = Quaternion(-0.0128109, 0.649168, -0.275168, 0.709013)
bones/30/rotation = Quaternion(0.277596, 0.00948548, -0.0322998, 0.960108)
bones/31/rotation = Quaternion(0.166321, 0.00461373, -0.0344825, 0.985458)
bones/32/rotation = Quaternion(0.0337859, 0.706848, -0.206528, 0.6757)
bones/33/rotation = Quaternion(0.338475, -0.00148533, -0.0125051, 0.940891)
bones/34/rotation = Quaternion(0.15458, -0.0013292, -0.0077326, 0.987949)
bones/35/rotation = Quaternion(0.0659574, 0.717671, -0.160847, 0.674334)
bones/36/rotation = Quaternion(0.290917, -0.0186566, -0.00909272, 0.956523)
bones/37/rotation = Quaternion(0.161842, -0.00965681, -0.00323022, 0.986764)
bones/38/rotation = Quaternion(0.0929861, 0.743274, -0.0818224, 0.657421)
bones/39/rotation = Quaternion(0.279316, -0.0254899, 0.00576787, 0.959844)
bones/40/rotation = Quaternion(0.148158, -0.0132568, 0.00949666, 0.988829)
bones/41/rotation = Quaternion(0.258996, 0.91767, 0.288542, 0.0868741)
bones/42/rotation = Quaternion(0.268329, 0.0456234, -0.0461033, 0.961141)
bones/43/rotation = Quaternion(0.198863, 0.029342, -0.0888305, 0.975552)
bones/45/rotation = Quaternion(-1.20045e-07, 0.0131146, 8.14817e-08, 0.999914)
bones/46/rotation = Quaternion(1.40011e-07, 0.0330487, 2.88202e-07, 0.999454)
bones/47/rotation = Quaternion(4.97809e-08, 0.108757, -3.95065e-07, 0.994069)
bones/48/rotation = Quaternion(-0.441391, 0.446534, 0.596382, 0.500111)
bones/49/rotation = Quaternion(-0.416267, -0.550752, 0.431772, 0.580488)
bones/50/rotation = Quaternion(0.103851, 0.000122359, 0.0111224, 0.994531)
bones/51/rotation = Quaternion(0.0188506, 0.0284581, 0.0278183, 0.99903)
bones/52/rotation = Quaternion(0.0213717, -0.657716, 0.250253, 0.710159)
bones/53/rotation = Quaternion(0.279333, -0.00960584, 0.0326168, 0.959592)
bones/54/rotation = Quaternion(0.192729, -0.0039177, 0.012724, 0.981162)
bones/55/rotation = Quaternion(0.0343424, -0.710229, 0.144205, 0.688186)
bones/56/rotation = Quaternion(0.345134, 0.00157287, 0.0128465, 0.938464)
bones/57/rotation = Quaternion(0.0816391, -8.07786e-05, -0.0116481, 0.996594)
bones/58/rotation = Quaternion(0.0795007, -0.719062, 0.108574, 0.681792)
bones/59/rotation = Quaternion(0.261959, 0.0164603, 0.00882012, 0.964898)
bones/60/rotation = Quaternion(0.159013, 0.00955284, 0.00183859, 0.987229)
bones/61/rotation = Quaternion(0.108099, -0.746925, 0.0219024, 0.655697)
bones/62/rotation = Quaternion(0.207398, 0.0170388, -0.00155329, 0.978107)
bones/63/rotation = Quaternion(0.0859842, 0.00636305, -0.0142155, 0.996175)
bones/64/rotation = Quaternion(-0.233554, 0.909701, 0.313039, -0.141081)
bones/65/rotation = Quaternion(0.223629, -0.0487866, 0.0586772, 0.971682)
bones/66/rotation = Quaternion(0.246476, 0.0484241, 0.00900337, 0.967897)
bones/68/rotation = Quaternion(-2.0629e-08, 0.0105654, -5.51921e-08, 0.999944)
bones/69/rotation = Quaternion(2.06065e-07, 0.026897, -2.3807e-07, 0.999638)
bones/70/rotation = Quaternion(1.12538e-07, -0.0071266, 3.46963e-07, 0.999975)
bones/73/rotation = Quaternion(0.00713811, 0.127243, 0.98965, -0.0659691)
bones/74/rotation = Quaternion(-0.00678788, 0.132494, 0.98896, 0.066006)

[node name="BoneAttachment3D" parent="BodySkeleton/rig/Skeleton3D" index="1"]
transform = Transform3D(0.999958, -0.00602073, -0.00692478, 0.00575817, 0.999287, -0.0373309, 0.00714462, 0.0372895, 0.999279, -0.0152359, 1.58728, 0.0094218)

[node name="VoiceHandler" parent="BodySkeleton/rig/Skeleton3D/BoneAttachment3D" index="1" instance=ExtResource("3_l2cwv")]
unique_name_in_owner = true

[node name="BreastLWiggle" type="SkeletonModifier3D" parent="BodySkeleton/rig/Skeleton3D" index="2"]
_import_path = NodePath("")
unique_name_in_owner = true
process_mode = 0
process_priority = 0
process_physics_priority = 0
process_thread_group = 0
physics_interpolation_mode = 0
auto_translate_mode = 0
editor_description = ""
transform = Transform3D(0.90214, 0.397763, 0.167117, 0.0414133, 0.305721, -0.95122, -0.429452, 0.865054, 0.259331, 0.00952049, 1.25614, -0.0841089)
rotation_edit_mode = 0
rotation_order = 2
top_level = false
visible = true
visibility_parent = NodePath("")
active = true
influence = 1.0
script = ExtResource("3_ghp2k")
bone_name = "breast.L"
properties = SubResource("Resource_l2cwv")
enableGravityHelper = true
metadata/_custom_type_script = "uid://1n0mqd1c34ui"

[node name="BreastRWiggle" type="SkeletonModifier3D" parent="BodySkeleton/rig/Skeleton3D" index="3"]
_import_path = NodePath("")
unique_name_in_owner = true
process_mode = 0
process_priority = 0
process_physics_priority = 0
process_thread_group = 0
physics_interpolation_mode = 0
auto_translate_mode = 0
editor_description = ""
transform = Transform3D(0.925498, -0.3685, -0.0875337, 0.0205925, 0.279724, -0.95986, 0.378193, 0.886545, 0.266473, -0.021029, 1.2551, -0.0832521)
rotation_edit_mode = 0
rotation_order = 2
top_level = false
visible = true
visibility_parent = NodePath("")
active = true
influence = 1.0
script = ExtResource("3_ghp2k")
bone_name = "breast.R"
properties = SubResource("Resource_l2cwv")
enableGravityHelper = true
metadata/_custom_type_script = "uid://1n0mqd1c34ui"

[node name="ButtLWiggle" type="SkeletonModifier3D" parent="BodySkeleton/rig/Skeleton3D" index="4"]
_import_path = NodePath("")
unique_name_in_owner = false
process_mode = 0
process_priority = 0
process_physics_priority = 0
process_thread_group = 0
physics_interpolation_mode = 0
auto_translate_mode = 0
editor_description = ""
transform = Transform3D(0.99866, 0.0499856, -0.0134063, 0.017109, -0.0743987, 0.997082, 0.0488424, -0.995975, -0.0751541, 0.0926385, 0.943458, -0.00872613)
rotation_edit_mode = 0
rotation_order = 2
top_level = false
visible = true
visibility_parent = NodePath("")
active = true
influence = 1.0
script = ExtResource("3_ghp2k")
bone_name = "butt.L"
properties = SubResource("Resource_ghp2k")
metadata/_custom_type_script = "uid://1n0mqd1c34ui"

[node name="ButtRWiggle" type="SkeletonModifier3D" parent="BodySkeleton/rig/Skeleton3D" index="5"]
_import_path = NodePath("")
unique_name_in_owner = false
process_mode = 0
process_priority = 0
process_physics_priority = 0
process_thread_group = 0
physics_interpolation_mode = 0
auto_translate_mode = 0
editor_description = ""
transform = Transform3D(0.994319, -0.104295, -0.0212757, 0.0124544, -0.084513, 0.996345, -0.105712, -0.990949, -0.0827339, -0.0846557, 0.940828, -0.00366705)
rotation_edit_mode = 0
rotation_order = 2
top_level = false
visible = true
visibility_parent = NodePath("")
active = true
influence = 1.0
script = ExtResource("3_ghp2k")
bone_name = "butt.R"
properties = SubResource("Resource_ghp2k")
metadata/_custom_type_script = "uid://1n0mqd1c34ui"

[node name="VaginaWiggle" type="SkeletonModifier3D" parent="BodySkeleton/rig/Skeleton3D" index="6"]
_import_path = NodePath("")
unique_name_in_owner = false
process_mode = 0
process_priority = 0
process_physics_priority = 0
process_thread_group = 0
physics_interpolation_mode = 0
auto_translate_mode = 0
editor_description = ""
transform = Transform3D(0.999483, 0.0156672, -0.0280667, 0.014826, -0.999442, -0.0299307, -0.02852, 0.029499, -0.999158, 0.00494914, 0.926462, 0.0192147)
rotation_edit_mode = 0
rotation_order = 2
top_level = false
visible = true
visibility_parent = NodePath("")
active = true
influence = 1.0
script = ExtResource("3_ghp2k")
bone_name = "vagina"
properties = SubResource("Resource_avrwx")
metadata/_custom_type_script = "uid://1n0mqd1c34ui"

[node name="BoneAttachment3D3" parent="BodySkeleton/rig/Skeleton3D" index="7"]
transform = Transform3D(0.999477, -0.017206, 0.027388, 0.0253675, 0.942323, -0.333743, -0.0200659, 0.334263, 0.942266, -0.0140744, 1.52367, -0.0131424)

[node name="AttachAnkle" parent="BodySkeleton/rig/Skeleton3D" index="8"]
transform = Transform3D(-0.977205, -0.0241361, 0.210923, -0.0297129, -0.968189, -0.248451, 0.21021, -0.249054, 0.945401, 0.12311, 0.515117, 0.0439019)

[node name="AttachAnkle2" parent="BodySkeleton/rig/Skeleton3D" index="9"]
transform = Transform3D(-0.996836, 0.0365868, -0.0705676, -0.0166469, -0.964177, -0.264738, -0.0777256, -0.262725, 0.961735, -0.0882511, 0.512505, 0.0571635)

[node name="AttachWrist" parent="BodySkeleton/rig/Skeleton3D" index="10"]
transform = Transform3D(-0.988891, -0.106145, 0.104057, 0.121067, -0.981316, 0.149538, 0.0862399, 0.160474, 0.983266, -0.225761, 1.0125, 0.00244286)

[node name="AttachWrist2" parent="BodySkeleton/rig/Skeleton3D" index="11"]
transform = Transform3D(-0.967396, 0.215845, 0.1325, -0.182418, -0.956733, 0.226685, 0.175696, 0.195124, 0.964914, 0.227013, 1.03361, -0.014114)

[node name="AttachBreast" parent="BodySkeleton/rig/Skeleton3D" index="12"]
transform = Transform3D(0.90214, 0.397763, 0.167117, 0.0414133, 0.305721, -0.95122, -0.429452, 0.865054, 0.259331, 0.00952049, 1.25614, -0.0841089)

[node name="AttachBreast2" parent="BodySkeleton/rig/Skeleton3D" index="13"]
transform = Transform3D(0.925498, -0.3685, -0.0875337, 0.0205925, 0.279724, -0.95986, 0.378193, 0.886545, 0.266473, -0.021029, 1.2551, -0.0832521)

[node name="ChestBoneAttachment" parent="BodySkeleton/rig/Skeleton3D" index="14"]
transform = Transform3D(0.999033, -0.0370368, 0.0237097, 0.0338939, 0.992016, 0.12147, -0.0280192, -0.120549, 0.992312, -0.000566727, 1.19004, 0.0219539)

[node name="UpperChestBoneAttachment" parent="BodySkeleton/rig/Skeleton3D" index="15"]
transform = Transform3D(0.998763, -0.0430697, 0.0248582, 0.0406326, 0.994987, 0.0913749, -0.028669, -0.0902517, 0.995506, -0.00642443, 1.34694, 0.00288806)

[node name="BoneAttachment3D2" parent="BodySkeleton/rig/Skeleton3D" index="16"]
transform = Transform3D(0.999483, -0.0102407, 0.0304687, 0.014826, 0.987912, -0.154306, -0.0285202, 0.154678, 0.987553, 0.00452554, 0.894785, -0.0120971)

[node name="DollAttachPoint" parent="BodySkeleton/rig/Skeleton3D/BoneAttachment3D2" index="0"]
transform = Transform3D(1, -1.45787e-15, -1.45906e-15, 1.70219e-15, 0.982808, 0.184638, 1.16479e-15, -0.184638, 0.982808, -1.65712e-15, 0.127416, -0.0878506)

[node name="SquirtParticles1" parent="BodySkeleton/rig/Skeleton3D/BoneAttachment3D2/SquirtNode" index="0"]
process_material = SubResource("ParticleProcessMaterial_a0xc8")

[node name="SquirtParticles2" parent="BodySkeleton/rig/Skeleton3D/BoneAttachment3D2/SquirtNode" index="1"]
process_material = SubResource("ParticleProcessMaterial_q8qd3")

[node name="SquirtParticles3" parent="BodySkeleton/rig/Skeleton3D/BoneAttachment3D2/SquirtNode" index="2"]
process_material = SubResource("ParticleProcessMaterial_i5c51")

[node name="AnimationPlayer" type="AnimationPlayer" parent="BodySkeleton"]
unique_name_in_owner = true
libraries = {
&"BasicAnims": ExtResource("5_avrwx"),
&"LocomotionAnims": ExtResource("7_l2cwv"),
&"RestraintAnims": ExtResource("8_yudco")
}
autoplay = "BodyAnims/Idle"

[node name="AnimationTree" type="AnimationTree" parent="BodySkeleton"]
unique_name_in_owner = true
root_node = NodePath("%AnimationTree/..")
tree_root = ExtResource("10_yn8uc")
anim_player = NodePath("../AnimationPlayer")
parameters/ArmBinder_Blend/blend_amount = 0.0
parameters/Arms_Blend/blend_amount = 0.0
parameters/Arms_Selector/current_state = "state_0"
parameters/Arms_Selector/transition_request = ""
parameters/Arms_Selector/current_index = 0
parameters/CuffedBehindBack_Blend/blend_amount = 0.0
parameters/CuffedFront_Blend/blend_amount = 0.0
parameters/Locomotion/Idle/Idle_Selector/current_state = "normal1"
parameters/Locomotion/Idle/Idle_Selector/transition_request = ""
parameters/Locomotion/Idle/Idle_Selector/current_index = 0
parameters/Locomotion/Walk/Walk_Selector/current_state = "unisex"
parameters/Locomotion/Walk/Walk_Selector/transition_request = ""
parameters/Locomotion/Walk/Walk_Selector/current_index = 0
parameters/RestraintAnims_BRIDGE/blend_amount = 0

[node name="AnimationPlayerRestraints" type="AnimationPlayer" parent="BodySkeleton"]
unique_name_in_owner = true
active = false
libraries = {
&"RestraintAnims": ExtResource("8_yudco")
}
autoplay = "BodyAnims/Idle"

[node name="AnimationTreeRestraints" type="AnimationTree" parent="BodySkeleton"]
unique_name_in_owner = true
active = false
root_node = NodePath("%AnimationTreeRestraints/..")
tree_root = ExtResource("9_1pahp")
anim_player = NodePath("../AnimationPlayerRestraints")
parameters/ArmBinder_Blend/blend_amount = 0.0
parameters/Arms_Blend/blend_amount = 0
parameters/Arms_Selector/current_state = ""
parameters/Arms_Selector/transition_request = "state_0"
parameters/Arms_Selector/current_index = -1
parameters/CuffedBehindBack_Blend/blend_amount = 0
parameters/CuffedFront_Blend/blend_amount = 0
parameters/RestraintAnims_BRIDGE/blend_amount = 0

[node name="TestHeadDollPart" parent="." instance=ExtResource("2_4v17s")]

[node name="DollAttachTo" parent="TestHeadDollPart" node_paths=PackedStringArray("skeletonMeshes") instance=ExtResource("4_mwovh")]
attachPoint = "head"
skeletonMeshes = [NodePath("MeshInstance3D")]

[node name="MeshInstance3D" type="MeshInstance3D" parent="TestHeadDollPart/DollAttachTo"]
transform = Transform3D(1, 0, 0, 0, 1, 0, 0, 0, 1, 0, 0.162449, 0)
visible = false
mesh = SubResource("SphereMesh_6wvr0")

[node name="AlphaMaskTexture" parent="." instance=ExtResource("10_ehs3x")]
unique_name_in_owner = true
resolution = Vector2i(256, 256)
clearColor = Color(0, 0, 0, 0)

[connection signal="onEvent" from="BodySkeleton/rig/Skeleton3D/BoneAttachment3D/VoiceHandler" to="." method="_on_voice_handler_on_event"]
[connection signal="onSound" from="BodySkeleton/rig/Skeleton3D/BoneAttachment3D/VoiceHandler" to="." method="_on_voice_handler_on_sound"]
[connection signal="onTextureUpdated" from="AlphaMaskTexture" to="." method="_on_alpha_mask_texture_on_texture_updated"]

[editable path="BodySkeleton"]
