[gd_scene load_steps=19 format=3 uid="uid://y65ir3supv5s"]

[ext_resource type="Script" uid="uid://cy0ulaqjxe5e3" path="res://Game/Doll/doll.gd" id="1_x8ebr"]
[ext_resource type="PackedScene" uid="uid://c56fqxox0e0ia" path="res://Mesh/Skeleton/body_skeleton.tscn" id="2_k7aqf"]
[ext_resource type="Script" uid="uid://1n0mqd1c34ui" path="res://addons/wigglebone/wiggle_rotation_modifier_3d.gd" id="3_ghp2k"]
[ext_resource type="PackedScene" uid="uid://dyx0lcoi6r0tp" path="res://Game/Doll/FaceAnimator/voice_handler.tscn" id="3_l2cwv"]
[ext_resource type="Script" uid="uid://dk8kgax5eyeng" path="res://addons/wigglebone/wiggle_rotation_properties_3d.gd" id="4_avrwx"]
[ext_resource type="AnimationLibrary" uid="uid://nn3cjmcfumow" path="res://Anims/Raw/BasicAnims.glb" id="5_avrwx"]
[ext_resource type="AnimationLibrary" uid="uid://cmuxw6uiifp2h" path="res://Anims/Raw/LocomotionAnims.glb" id="7_l2cwv"]
[ext_resource type="AnimationLibrary" uid="uid://b08i0engip1rw" path="res://Anims/Raw/RestraintAnims.glb" id="8_yudco"]
[ext_resource type="AnimationNodeBlendTree" uid="uid://c8ovbng4kuwt3" path="res://Game/Doll/Util/DollBlendTreeBase.tres" id="9_1pahp"]
[ext_resource type="Script" uid="uid://b31n7ytm4vmec" path="res://Game/Systems/ProcessBalancer/StaggeredAnimationTree.gd" id="10_1pahp"]
[ext_resource type="PackedScene" uid="uid://bgux6rpndyvti" path="res://Mesh/Materials/MyLayeredTexture/my_layered_texture.tscn" id="10_ehs3x"]
[ext_resource type="AnimationNodeBlendTree" uid="uid://snasey7u5o67" path="res://Game/Doll/Util/DollBlendTree.tres" id="10_yn8uc"]

[sub_resource type="Resource" id="Resource_l2cwv"]
script = ExtResource("4_avrwx")
spring_freq = 3.0
angular_damp = 10.0
force_scale = 1200.0
linear_scale = 360.0
swing_span = 0.349066
gravity = Vector3(0, -10, 0)
metadata/_custom_type_script = ExtResource("4_avrwx")

[sub_resource type="Resource" id="Resource_ghp2k"]
script = ExtResource("4_avrwx")
spring_freq = 2.0
angular_damp = 5.0
force_scale = 180.0
linear_scale = 3600.0
swing_span = 0.174533
gravity = Vector3(0, 0, 0)
metadata/_custom_type_script = ExtResource("4_avrwx")

[sub_resource type="Resource" id="Resource_avrwx"]
script = ExtResource("4_avrwx")
spring_freq = 3.0
angular_damp = 5.0
force_scale = 180.0
linear_scale = 360.0
swing_span = 0.436332
gravity = Vector3(0, 0, 0)
metadata/_custom_type_script = "uid://dk8kgax5eyeng"

[sub_resource type="ParticleProcessMaterial" id="ParticleProcessMaterial_a0xc8"]
resource_local_to_scene = true
direction = Vector3(0, 0, 1)
spread = 1.0
initial_velocity_max = 3.0
scale_max = 2.0

[sub_resource type="ParticleProcessMaterial" id="ParticleProcessMaterial_q8qd3"]
resource_local_to_scene = true
direction = Vector3(0, 0, 1)
spread = 1.0
initial_velocity_max = 3.0
scale_max = 2.0

[sub_resource type="ParticleProcessMaterial" id="ParticleProcessMaterial_i5c51"]
resource_local_to_scene = true
direction = Vector3(0, 0, 1)
spread = 1.0
initial_velocity_max = 3.0
scale_max = 2.0

[node name="Doll" type="Node3D"]
script = ExtResource("1_x8ebr")

[node name="Parts" type="Node3D" parent="."]
unique_name_in_owner = true

[node name="BodySkeleton" parent="Parts" instance=ExtResource("2_k7aqf")]
unique_name_in_owner = true

[node name="Skeleton3D" parent="Parts/BodySkeleton/rig" index="0"]
bones/0/position = Vector3(0, 0, 0.033750515)
bones/1/position = Vector3(0.005672201, 0.04497181, 0.894816)
bones/1/rotation = Quaternion(0.75903, 0.005516188, 0.015022756, 0.65085894)
bones/2/rotation = Quaternion(0.09830952, 0.13891721, 0.98534626, -0.011405702)
bones/3/rotation = Quaternion(-0.19118002, 0.006620214, -0.0057591456, 0.9815158)
bones/4/rotation = Quaternion(0.64370173, -0.011774275, -0.00796915, 0.7651444)
bones/5/rotation = Quaternion(0.20746788, -0.00059602305, -0.00012646944, 0.9782416)
bones/6/rotation = Quaternion(-0.0711521, -6.8825464e-08, -9.821045e-08, 0.9974655)
bones/7/rotation = Quaternion(-9.216665e-08, 0.048601214, 7.672409e-08, 0.9988183)
bones/7/scale = Vector3(1.0000005, 1, 1.0000007)
bones/8/rotation = Quaternion(-0.004574097, -2.5841015e-07, 9.489083e-08, 0.9999896)
bones/9/rotation = Quaternion(-0.00821903, -1.43492e-06, -9.65002e-10, 0.999966)
bones/10/rotation = Quaternion(-0.78401446, -0.02917123, -0.025431398, 0.619535)
bones/11/rotation = Quaternion(-0.05940114, 0.14674385, 0.98737013, 0.0061762757)
bones/12/rotation = Quaternion(-0.20326455, -0.0066907112, 0.005677108, 0.97908455)
bones/13/rotation = Quaternion(0.64959127, 0.061411154, -0.03754569, 0.7568687)
bones/14/rotation = Quaternion(0.22117263, 0.0013174511, 0.00028545203, 0.9752338)
bones/15/rotation = Quaternion(-0.07647009, 6.273e-08, 9.787112e-08, 0.99707186)
bones/16/rotation = Quaternion(-1.16006005e-08, -0.029940953, -5.870965e-08, 0.9995518)
bones/17/rotation = Quaternion(-0.005212386, 2.513245e-07, -1.0604477e-07, 0.9999864)
bones/18/rotation = Quaternion(-0.00989078, 1.43356e-06, -4.77347e-08, 0.999951)
bones/19/rotation = Quaternion(-0.7867544, 0.029058157, 0.025560526, 0.61605185)
bones/20/rotation = Quaternion(-0.045942094, -0.00031210363, 0.006665376, 0.9989219)
bones/21/rotation = Quaternion(-0.09216293, 8.853703e-05, 0.003252608, 0.9957387)
bones/22/rotation = Quaternion(0.016486753, -0.00012935718, 0.0032528646, 0.9998588)
bones/23/rotation = Quaternion(0.21116404, -0.004952558, -0.0069669555, 0.9774133)
bones/24/rotation = Quaternion(-0.15417188, -0.014937039, -0.006995266, 0.9879064)
bones/25/rotation = Quaternion(-0.45099357, -0.43933252, -0.57562685, 0.5217715)
bones/26/rotation = Quaternion(-0.482628, 0.4529032, -0.40164486, 0.6329537)
bones/27/rotation = Quaternion(0.120797835, -0.00031204705, -0.011118652, 0.99261487)
bones/28/rotation = Quaternion(0.035311524, 0.028519591, -0.040258795, 0.9981578)
bones/29/rotation = Quaternion(-0.012810916, 0.64916825, -0.27516788, 0.7090128)
bones/30/rotation = Quaternion(0.27759555, 0.009485479, -0.032299753, 0.9601081)
bones/31/rotation = Quaternion(0.16632125, 0.004613726, -0.034482453, 0.9854578)
bones/32/rotation = Quaternion(0.033785857, 0.7068482, -0.20652816, 0.6756999)
bones/33/rotation = Quaternion(0.33847535, -0.0014853303, -0.012505137, 0.9408911)
bones/34/rotation = Quaternion(0.15458035, -0.0013291955, -0.0077325986, 0.98794913)
bones/35/rotation = Quaternion(0.06595734, 0.7176708, -0.16084667, 0.6743342)
bones/36/rotation = Quaternion(0.29091656, -0.018656647, -0.009092721, 0.95652336)
bones/37/rotation = Quaternion(0.16184239, -0.009656806, -0.003230223, 0.9867642)
bones/38/rotation = Quaternion(0.09298611, 0.74327385, -0.081822425, 0.6574212)
bones/39/rotation = Quaternion(0.27931604, -0.025489936, 0.005767872, 0.9598435)
bones/40/rotation = Quaternion(0.14815778, -0.013256785, 0.009496658, 0.9888293)
bones/41/rotation = Quaternion(0.25899592, 0.91766953, 0.2885423, 0.0868741)
bones/42/rotation = Quaternion(0.26832864, 0.04562339, -0.046103254, 0.96114147)
bones/43/rotation = Quaternion(0.19886346, 0.02934197, -0.08883046, 0.97555196)
bones/45/rotation = Quaternion(3.613568e-08, 0.009351758, 1.3422692e-07, 0.99995637)
bones/46/rotation = Quaternion(3.1229496e-07, 0.0305598, 2.536121e-07, 0.99953294)
bones/47/rotation = Quaternion(6.910028e-12, 0.07233918, -3.9364394e-07, 0.99738014)
bones/47/scale = Vector3(0.9999995, 1.0000004, 0.99999994)
bones/48/rotation = Quaternion(-0.44133607, 0.44666484, 0.5958595, 0.500664)
bones/49/rotation = Quaternion(-0.40184754, -0.5445839, 0.44118544, 0.5893237)
bones/50/rotation = Quaternion(0.082467385, -0.00011654312, 0.01112242, 0.9965317)
bones/51/rotation = Quaternion(0.030610941, 0.02944047, 0.024730636, 0.9987917)
bones/52/rotation = Quaternion(0.021371717, -0.6577162, 0.2502529, 0.71015924)
bones/53/rotation = Quaternion(0.2793332, -0.009605841, 0.032616768, 0.9595921)
bones/54/rotation = Quaternion(0.19272871, -0.0039176955, 0.012723997, 0.9811618)
bones/55/rotation = Quaternion(0.034342412, -0.71022934, 0.14420465, 0.688186)
bones/56/rotation = Quaternion(0.3451341, 0.0015728674, 0.012846533, 0.9384642)
bones/57/rotation = Quaternion(0.08163913, -8.077856e-05, -0.011648145, 0.99659395)
bones/58/rotation = Quaternion(0.07950068, -0.71906215, 0.10857433, 0.68179244)
bones/59/rotation = Quaternion(0.26195928, 0.016460316, 0.008820121, 0.9648983)
bones/60/rotation = Quaternion(0.15901344, 0.009552844, 0.0018385893, 0.9872285)
bones/61/rotation = Quaternion(0.10809874, -0.7469249, 0.021902384, 0.65569687)
bones/62/rotation = Quaternion(0.20739797, 0.017038843, -0.0015532913, 0.9781071)
bones/63/rotation = Quaternion(0.0859842, 0.006363053, -0.014215457, 0.9961749)
bones/64/rotation = Quaternion(-0.23355447, 0.90970063, 0.31303898, -0.14108093)
bones/65/rotation = Quaternion(0.2236293, -0.04878664, 0.058677204, 0.97168255)
bones/66/rotation = Quaternion(0.24647556, 0.048424058, 0.009003366, 0.9678967)
bones/68/rotation = Quaternion(-2.1656163e-08, 0.010659513, -4.2974857e-08, 0.99994326)
bones/69/rotation = Quaternion(3.237492e-07, 0.027595967, -2.5533723e-07, 0.99961925)
bones/70/rotation = Quaternion(2.8263111e-08, -0.0083258385, 2.666124e-07, 0.9999654)
bones/70/scale = Vector3(0.9999997, 1.0000005, 1)
bones/73/rotation = Quaternion(0.009473513, 0.09206046, 0.99354017, -0.065674394)
bones/74/rotation = Quaternion(-0.00678788, 0.132494, 0.98896, 0.066006)

[node name="BoneAttachment3D" parent="Parts/BodySkeleton/rig/Skeleton3D" index="1"]
transform = Transform3D(0.99993634, -0.007848548, -0.0081022065, 0.0076348605, 0.99963117, -0.02607575, 0.008303875, 0.026012182, 0.99962723, -0.014988637, 1.5874696, 0.008901857)

[node name="VoiceHandler" parent="Parts/BodySkeleton/rig/Skeleton3D/BoneAttachment3D" index="1" instance=ExtResource("3_l2cwv")]
unique_name_in_owner = true

[node name="BreastLWiggle" type="SkeletonModifier3D" parent="Parts/BodySkeleton/rig/Skeleton3D" index="2"]
_import_path = NodePath("")
unique_name_in_owner = true
process_mode = 0
process_priority = 0
process_physics_priority = 0
process_thread_group = 0
physics_interpolation_mode = 0
auto_translate_mode = 0
editor_description = ""
accessibility_name = ""
accessibility_description = ""
accessibility_live = 0
accessibility_controls_nodes = Array[NodePath]([])
accessibility_described_by_nodes = Array[NodePath]([])
accessibility_labeled_by_nodes = Array[NodePath]([])
accessibility_flow_to_nodes = Array[NodePath]([])
transform = Transform3D(0.90286183, 0.3957372, 0.16802588, 0.04201287, 0.30773953, -0.9505428, -0.42787325, 0.86526793, 0.26122028, 0.010360047, 1.2560886, -0.08428569)
rotation_edit_mode = 0
rotation_order = 2
top_level = false
visible = true
visibility_parent = NodePath("")
active = true
influence = 1.0
script = ExtResource("3_ghp2k")
bone_name = "breast.L"
properties = SubResource("Resource_l2cwv")
enableGravityHelper = true
metadata/_custom_type_script = "uid://1n0mqd1c34ui"

[node name="BreastRWiggle" type="SkeletonModifier3D" parent="Parts/BodySkeleton/rig/Skeleton3D" index="3"]
_import_path = NodePath("")
unique_name_in_owner = true
process_mode = 0
process_priority = 0
process_physics_priority = 0
process_thread_group = 0
physics_interpolation_mode = 0
auto_translate_mode = 0
editor_description = ""
accessibility_name = ""
accessibility_description = ""
accessibility_live = 0
accessibility_controls_nodes = Array[NodePath]([])
accessibility_described_by_nodes = Array[NodePath]([])
accessibility_labeled_by_nodes = Array[NodePath]([])
accessibility_flow_to_nodes = Array[NodePath]([])
transform = Transform3D(0.92477417, -0.37052515, -0.08662479, 0.022570178, 0.28066218, -0.95954144, 0.37984645, 0.8854038, 0.26791203, -0.02018943, 1.255009, -0.083482906)
rotation_edit_mode = 0
rotation_order = 2
top_level = false
visible = true
visibility_parent = NodePath("")
active = true
influence = 1.0
script = ExtResource("3_ghp2k")
bone_name = "breast.R"
properties = SubResource("Resource_l2cwv")
enableGravityHelper = true
metadata/_custom_type_script = "uid://1n0mqd1c34ui"

[node name="ButtLWiggle" type="SkeletonModifier3D" parent="Parts/BodySkeleton/rig/Skeleton3D" index="4"]
_import_path = NodePath("")
unique_name_in_owner = false
process_mode = 0
process_priority = 0
process_physics_priority = 0
process_thread_group = 0
physics_interpolation_mode = 0
auto_translate_mode = 0
editor_description = ""
accessibility_name = ""
accessibility_description = ""
accessibility_live = 0
accessibility_controls_nodes = Array[NodePath]([])
accessibility_described_by_nodes = Array[NodePath]([])
accessibility_labeled_by_nodes = Array[NodePath]([])
accessibility_flow_to_nodes = Array[NodePath]([])
transform = Transform3D(0.9985726, 0.051514044, -0.014107173, 0.01812537, -0.078387335, 0.9967582, 0.050241217, -0.99559116, -0.07920928, 0.093741395, 0.94357073, -0.007892493)
rotation_edit_mode = 0
rotation_order = 2
top_level = false
visible = true
visibility_parent = NodePath("")
active = true
influence = 1.0
script = ExtResource("3_ghp2k")
bone_name = "butt.L"
properties = SubResource("Resource_ghp2k")
metadata/_custom_type_script = "uid://1n0mqd1c34ui"

[node name="ButtRWiggle" type="SkeletonModifier3D" parent="Parts/BodySkeleton/rig/Skeleton3D" index="5"]
_import_path = NodePath("")
unique_name_in_owner = false
process_mode = 0
process_priority = 0
process_physics_priority = 0
process_thread_group = 0
physics_interpolation_mode = 0
auto_translate_mode = 0
editor_description = ""
accessibility_name = ""
accessibility_description = ""
accessibility_live = 0
accessibility_controls_nodes = Array[NodePath]([])
accessibility_described_by_nodes = Array[NodePath]([])
accessibility_labeled_by_nodes = Array[NodePath]([])
accessibility_flow_to_nodes = Array[NodePath]([])
transform = Transform3D(0.9945379, -0.10194468, -0.022397038, 0.01323916, -0.08963734, 0.99588656, -0.10353294, -0.9907433, -0.08779819, -0.083553545, 0.94079906, -0.0029382333)
rotation_edit_mode = 0
rotation_order = 2
top_level = false
visible = true
visibility_parent = NodePath("")
active = true
influence = 1.0
script = ExtResource("3_ghp2k")
bone_name = "butt.R"
properties = SubResource("Resource_ghp2k")
metadata/_custom_type_script = "uid://1n0mqd1c34ui"

[node name="VaginaWiggle" type="SkeletonModifier3D" parent="Parts/BodySkeleton/rig/Skeleton3D" index="6"]
_import_path = NodePath("")
unique_name_in_owner = false
process_mode = 0
process_priority = 0
process_physics_priority = 0
process_thread_group = 0
physics_interpolation_mode = 0
auto_translate_mode = 0
editor_description = ""
accessibility_name = ""
accessibility_description = ""
accessibility_live = 0
accessibility_controls_nodes = Array[NodePath]([])
accessibility_described_by_nodes = Array[NodePath]([])
accessibility_labeled_by_nodes = Array[NodePath]([])
accessibility_flow_to_nodes = Array[NodePath]([])
transform = Transform3D(0.99948776, 0.016503222, -0.02741924, 0.01562493, -0.9993677, -0.031943053, -0.027929056, 0.031498343, -0.9991136, 0.006049233, 0.9265553, 0.020027725)
rotation_edit_mode = 0
rotation_order = 2
top_level = false
visible = true
visibility_parent = NodePath("")
active = true
influence = 1.0
script = ExtResource("3_ghp2k")
bone_name = "vagina"
properties = SubResource("Resource_avrwx")
metadata/_custom_type_script = "uid://1n0mqd1c34ui"

[node name="BoneAttachment3D3" parent="Parts/BodySkeleton/rig/Skeleton3D" index="7"]
transform = Transform3D(0.9994693, -0.019159425, 0.026343431, 0.026764307, 0.9439939, -0.3288762, -0.018566959, 0.32940665, 0.94400567, -0.013695292, 1.5237459, -0.013334494)

[node name="AttachAnkle" parent="Parts/BodySkeleton/rig/Skeleton3D" index="8"]
transform = Transform3D(-0.977185, -0.025857676, 0.21080913, -0.028248236, -0.96791995, -0.2496664, 0.21050215, -0.24992505, 0.9451064, 0.12344369, 0.5150925, 0.04405302)

[node name="AttachAnkle2" parent="Parts/BodySkeleton/rig/Skeleton3D" index="9"]
transform = Transform3D(-0.9968332, 0.034868203, -0.071466774, -0.01472705, -0.9641409, -0.26498243, -0.078143485, -0.26309067, 0.96160114, -0.087987386, 0.51246214, 0.05774096)

[node name="AttachWrist" parent="Parts/BodySkeleton/rig/Skeleton3D" index="10"]
transform = Transform3D(-0.9879343, -0.11372518, 0.10513025, 0.12838537, -0.981033, 0.14523035, 0.0866198, 0.15697528, 0.98379695, -0.22715846, 1.0124533, 0.01137805)

[node name="AttachWrist2" parent="Parts/BodySkeleton/rig/Skeleton3D" index="11"]
transform = Transform3D(-0.96791637, 0.21771964, 0.12544201, -0.18520261, -0.95554346, 0.22942786, 0.16981627, 0.19883488, 0.9652086, 0.23071636, 1.0341142, -0.00591198)

[node name="AttachBreast" parent="Parts/BodySkeleton/rig/Skeleton3D" index="12"]
transform = Transform3D(0.9028617, 0.39573717, 0.16802588, 0.04201287, 0.3077395, -0.9505428, -0.4278732, 0.8652679, 0.26122028, 0.010360047, 1.2560886, -0.08428569)

[node name="AttachBreast2" parent="Parts/BodySkeleton/rig/Skeleton3D" index="13"]
transform = Transform3D(0.92477405, -0.37052512, -0.08662479, 0.022570174, 0.28066215, -0.95954144, 0.3798464, 0.88540375, 0.26791203, -0.02018943, 1.255009, -0.083482906)

[node name="ChestBoneAttachment" parent="Parts/BodySkeleton/rig/Skeleton3D" index="14"]
transform = Transform3D(0.99903184, -0.03825873, 0.021719875, 0.035302717, 0.9917595, 0.12315537, -0.026252657, -0.12226942, 0.9921497, 0.00017515523, 1.1901536, 0.021868508)

[node name="UpperChestBoneAttachment" parent="Parts/BodySkeleton/rig/Skeleton3D" index="15"]
transform = Transform3D(0.9987698, -0.044023834, 0.022818172, 0.041794013, 0.99502975, 0.09038507, -0.026683856, -0.08932029, 0.9956455, -0.0058758063, 1.3470093, 0.0025305208)

[node name="BoneAttachment3D2" parent="Parts/BodySkeleton/rig/Skeleton3D" index="16"]
transform = Transform3D(0.99948776, -0.011181486, 0.029985968, 0.015624922, 0.9882088, -0.15231396, -0.027929295, 0.15270437, 0.98787725, 0.005672201, 0.894816, -0.011221293)

[node name="DollAttachPoint" parent="Parts/BodySkeleton/rig/Skeleton3D/BoneAttachment3D2" index="0"]
transform = Transform3D(1, -1.45787e-15, -1.45906e-15, 1.70219e-15, 0.982808, 0.184638, 1.16479e-15, -0.184638, 0.982808, -1.65712e-15, 0.127416, -0.0878506)

[node name="SquirtParticles1" parent="Parts/BodySkeleton/rig/Skeleton3D/BoneAttachment3D2/SquirtNode" index="0"]
process_material = SubResource("ParticleProcessMaterial_a0xc8")

[node name="SquirtParticles2" parent="Parts/BodySkeleton/rig/Skeleton3D/BoneAttachment3D2/SquirtNode" index="1"]
process_material = SubResource("ParticleProcessMaterial_q8qd3")

[node name="SquirtParticles3" parent="Parts/BodySkeleton/rig/Skeleton3D/BoneAttachment3D2/SquirtNode" index="2"]
process_material = SubResource("ParticleProcessMaterial_i5c51")

[node name="AnimationPlayer" type="AnimationPlayer" parent="Parts/BodySkeleton"]
unique_name_in_owner = true
active = false
libraries = {
&"BasicAnims": ExtResource("5_avrwx"),
&"LocomotionAnims": ExtResource("7_l2cwv"),
&"RestraintAnims": ExtResource("8_yudco")
}
autoplay = "BodyAnims/Idle"

[node name="AnimationTree" type="AnimationTree" parent="Parts/BodySkeleton"]
unique_name_in_owner = true
root_node = NodePath("%AnimationTree/..")
tree_root = ExtResource("10_yn8uc")
anim_player = NodePath("../AnimationPlayer")
parameters/ArmBinder_Blend/blend_amount = 0.0
parameters/Arms_Blend/blend_amount = 0.0
parameters/Arms_Selector/current_state = "state_0"
parameters/Arms_Selector/transition_request = ""
parameters/Arms_Selector/current_index = 0
parameters/CuffedBehindBack_Blend/blend_amount = 0.0
parameters/CuffedFront_Blend/blend_amount = 0.0
parameters/Locomotion/Idle/Idle_Selector/current_state = "normal1"
parameters/Locomotion/Idle/Idle_Selector/transition_request = ""
parameters/Locomotion/Idle/Idle_Selector/current_index = 0
parameters/Locomotion/Walk/Walk_Selector/current_state = "unisex"
parameters/Locomotion/Walk/Walk_Selector/transition_request = ""
parameters/Locomotion/Walk/Walk_Selector/current_index = 0
parameters/RestraintAnims_BRIDGE/blend_amount = 0
script = ExtResource("10_1pahp")

[node name="AnimationPlayerRestraints" type="AnimationPlayer" parent="Parts/BodySkeleton"]
unique_name_in_owner = true
active = false
libraries = {
&"RestraintAnims": ExtResource("8_yudco")
}
autoplay = "BodyAnims/Idle"

[node name="AnimationTreeRestraints" type="AnimationTree" parent="Parts/BodySkeleton"]
unique_name_in_owner = true
active = false
root_node = NodePath("%AnimationTreeRestraints/..")
tree_root = ExtResource("9_1pahp")
anim_player = NodePath("../AnimationPlayerRestraints")
parameters/ArmBinder_Blend/blend_amount = 0.0
parameters/Arms_Blend/blend_amount = 0
parameters/Arms_Selector/current_state = ""
parameters/Arms_Selector/transition_request = "state_0"
parameters/Arms_Selector/current_index = -1
parameters/CuffedBehindBack_Blend/blend_amount = 0
parameters/CuffedFront_Blend/blend_amount = 0
parameters/RestraintAnims_BRIDGE/blend_amount = 0

[node name="AlphaMaskTexture" parent="." instance=ExtResource("10_ehs3x")]
unique_name_in_owner = true
resolution = Vector2i(256, 256)
clearColor = Color(0, 0, 0, 0)

[node name="VisibleOnScreenEnabler3D" type="VisibleOnScreenEnabler3D" parent="."]
transform = Transform3D(1, 0, 0, 0, 1, 0, 0, 0, 1, 0, 0.88834, 0)
aabb = AABB(-1, -1.1234647, -1, 2, 2.2469294, 2)

[connection signal="onEvent" from="Parts/BodySkeleton/rig/Skeleton3D/BoneAttachment3D/VoiceHandler" to="." method="_on_voice_handler_on_event"]
[connection signal="onSound" from="Parts/BodySkeleton/rig/Skeleton3D/BoneAttachment3D/VoiceHandler" to="." method="_on_voice_handler_on_sound"]
[connection signal="onTextureUpdated" from="AlphaMaskTexture" to="." method="_on_alpha_mask_texture_on_texture_updated"]
[connection signal="screen_entered" from="VisibleOnScreenEnabler3D" to="." method="_on_visible_on_screen_enabler_3d_screen_entered"]
[connection signal="screen_exited" from="VisibleOnScreenEnabler3D" to="." method="_on_visible_on_screen_enabler_3d_screen_exited"]

[editable path="Parts/BodySkeleton"]
