[gd_scene load_steps=19 format=3 uid="uid://y65ir3supv5s"]

[ext_resource type="Script" uid="uid://cy0ulaqjxe5e3" path="res://Game/Doll/doll.gd" id="1_x8ebr"]
[ext_resource type="PackedScene" uid="uid://c56fqxox0e0ia" path="res://Mesh/Skeleton/body_skeleton.tscn" id="2_k7aqf"]
[ext_resource type="Script" uid="uid://1n0mqd1c34ui" path="res://addons/wigglebone/wiggle_rotation_modifier_3d.gd" id="3_ghp2k"]
[ext_resource type="PackedScene" uid="uid://dyx0lcoi6r0tp" path="res://Game/Doll/FaceAnimator/voice_handler.tscn" id="3_l2cwv"]
[ext_resource type="Script" uid="uid://dk8kgax5eyeng" path="res://addons/wigglebone/wiggle_rotation_properties_3d.gd" id="4_avrwx"]
[ext_resource type="AnimationLibrary" uid="uid://nn3cjmcfumow" path="res://Anims/Raw/BasicAnims.glb" id="5_avrwx"]
[ext_resource type="AnimationLibrary" uid="uid://cmuxw6uiifp2h" path="res://Anims/Raw/LocomotionAnims.glb" id="7_l2cwv"]
[ext_resource type="AnimationLibrary" uid="uid://b08i0engip1rw" path="res://Anims/Raw/RestraintAnims.glb" id="8_yudco"]
[ext_resource type="AnimationNodeBlendTree" uid="uid://c8ovbng4kuwt3" path="res://Game/Doll/Util/DollBlendTreeBase.tres" id="9_1pahp"]
[ext_resource type="Script" uid="uid://b31n7ytm4vmec" path="res://Game/Systems/ProcessBalancer/StaggeredAnimationTree.gd" id="10_1pahp"]
[ext_resource type="PackedScene" uid="uid://bgux6rpndyvti" path="res://Mesh/Materials/MyLayeredTexture/my_layered_texture.tscn" id="10_ehs3x"]
[ext_resource type="AnimationNodeBlendTree" uid="uid://snasey7u5o67" path="res://Game/Doll/Util/DollBlendTree.tres" id="10_yn8uc"]

[sub_resource type="Resource" id="Resource_l2cwv"]
script = ExtResource("4_avrwx")
spring_freq = 3.0
angular_damp = 10.0
force_scale = 1200.0
linear_scale = 360.0
swing_span = 0.349066
gravity = Vector3(0, -10, 0)
metadata/_custom_type_script = ExtResource("4_avrwx")

[sub_resource type="Resource" id="Resource_ghp2k"]
script = ExtResource("4_avrwx")
spring_freq = 2.0
angular_damp = 5.0
force_scale = 180.0
linear_scale = 3600.0
swing_span = 0.174533
gravity = Vector3(0, 0, 0)
metadata/_custom_type_script = ExtResource("4_avrwx")

[sub_resource type="Resource" id="Resource_avrwx"]
script = ExtResource("4_avrwx")
spring_freq = 3.0
angular_damp = 5.0
force_scale = 180.0
linear_scale = 360.0
swing_span = 0.436332
gravity = Vector3(0, 0, 0)
metadata/_custom_type_script = "uid://dk8kgax5eyeng"

[sub_resource type="ParticleProcessMaterial" id="ParticleProcessMaterial_a0xc8"]
resource_local_to_scene = true
direction = Vector3(0, 0, 1)
spread = 1.0
initial_velocity_max = 3.0
scale_max = 2.0

[sub_resource type="ParticleProcessMaterial" id="ParticleProcessMaterial_q8qd3"]
resource_local_to_scene = true
direction = Vector3(0, 0, 1)
spread = 1.0
initial_velocity_max = 3.0
scale_max = 2.0

[sub_resource type="ParticleProcessMaterial" id="ParticleProcessMaterial_i5c51"]
resource_local_to_scene = true
direction = Vector3(0, 0, 1)
spread = 1.0
initial_velocity_max = 3.0
scale_max = 2.0

[node name="Doll" type="Node3D"]
script = ExtResource("1_x8ebr")

[node name="Parts" type="Node3D" parent="."]
unique_name_in_owner = true

[node name="BodySkeleton" parent="Parts" instance=ExtResource("2_k7aqf")]
unique_name_in_owner = true

[node name="Skeleton3D" parent="Parts/BodySkeleton/rig" index="0"]
bones/0/position = Vector3(0, 0, 0.031840686)
bones/1/position = Vector3(0.0025804902, 0.04844155, 0.8947205)
bones/1/rotation = Quaternion(0.7575836, 0.0059945364, 0.014919028, 0.6525401)
bones/2/rotation = Quaternion(0.09818946, 0.1413994, 0.9849772, -0.01360429)
bones/3/rotation = Quaternion(-0.1920943, 0.0066255727, -0.005752983, 0.98133725)
bones/4/rotation = Quaternion(0.6424872, -0.011621488, -0.009034111, 0.7661551)
bones/5/rotation = Quaternion(0.2076811, -0.0005403875, -0.00011478828, 0.9781965)
bones/6/rotation = Quaternion(-0.071014605, -5.0806594e-08, -1.0290372e-07, 0.99747527)
bones/7/rotation = Quaternion(-9.216665e-08, 0.048601214, 7.672409e-08, 0.9988183)
bones/7/scale = Vector3(1.0000005, 1, 1.0000007)
bones/8/rotation = Quaternion(-0.004574097, -2.5841015e-07, 9.489083e-08, 0.9999896)
bones/9/rotation = Quaternion(-0.00821903, -1.43492e-06, -9.65002e-10, 0.999966)
bones/10/rotation = Quaternion(-0.78425777, -0.029161237, -0.025442857, 0.61922693)
bones/11/rotation = Quaternion(-0.06033086, 0.14846526, 0.9870676, 0.003981699)
bones/12/rotation = Quaternion(-0.20333228, -0.0066911043, 0.005676646, 0.97907054)
bones/13/rotation = Quaternion(0.6478822, 0.059839644, -0.038990702, 0.7583849)
bones/14/rotation = Quaternion(0.22147217, 0.0013401823, 0.00029037218, 0.9751657)
bones/15/rotation = Quaternion(-0.076929346, 7.042394e-08, 6.542154e-08, 0.9970366)
bones/16/rotation = Quaternion(-1.16006005e-08, -0.029940953, -5.870965e-08, 0.9995518)
bones/17/rotation = Quaternion(-0.005212386, 2.513245e-07, -1.0604477e-07, 0.9999864)
bones/18/rotation = Quaternion(-0.00989078, 1.43356e-06, -4.77347e-08, 0.999951)
bones/19/rotation = Quaternion(-0.7870238, 0.029046973, 0.02557323, 0.6157077)
bones/20/rotation = Quaternion(-0.043682553, 0.0011439198, 0.006724467, 0.99902225)
bones/21/rotation = Quaternion(-0.09430033, 0.00031790946, 0.0028730347, 0.9955396)
bones/22/rotation = Quaternion(0.014490566, 0.00010363631, 0.002900006, 0.99989086)
bones/23/rotation = Quaternion(0.2157589, -0.004669679, -0.00620855, 0.9764158)
bones/24/rotation = Quaternion(-0.14950468, -0.01460232, -0.006311226, 0.9886331)
bones/25/rotation = Quaternion(-0.449677, -0.44061816, -0.57608426, 0.52131873)
bones/26/rotation = Quaternion(-0.4920904, 0.4583789, -0.39492747, 0.62591386)
bones/27/rotation = Quaternion(0.13274927, -0.00044598687, -0.0111141, 0.9910873)
bones/28/rotation = Quaternion(0.029444506, 0.029150132, -0.03898621, 0.99838036)
bones/29/rotation = Quaternion(-0.012810916, 0.64916825, -0.27516788, 0.7090128)
bones/30/rotation = Quaternion(0.27759555, 0.009485479, -0.032299753, 0.9601081)
bones/31/rotation = Quaternion(0.16632125, 0.004613726, -0.034482453, 0.9854578)
bones/32/rotation = Quaternion(0.033785857, 0.7068482, -0.20652816, 0.6756999)
bones/33/rotation = Quaternion(0.33847535, -0.0014853303, -0.012505137, 0.9408911)
bones/34/rotation = Quaternion(0.15458035, -0.0013291955, -0.0077325986, 0.98794913)
bones/35/rotation = Quaternion(0.06595734, 0.7176708, -0.16084667, 0.6743342)
bones/36/rotation = Quaternion(0.29091656, -0.018656647, -0.009092721, 0.95652336)
bones/37/rotation = Quaternion(0.16184239, -0.009656806, -0.003230223, 0.9867642)
bones/38/rotation = Quaternion(0.09298611, 0.74327385, -0.081822425, 0.6574212)
bones/39/rotation = Quaternion(0.27931604, -0.025489936, 0.005767872, 0.9598435)
bones/40/rotation = Quaternion(0.14815778, -0.013256785, 0.009496658, 0.9888293)
bones/41/rotation = Quaternion(0.25899592, 0.91766953, 0.2885423, 0.0868741)
bones/42/rotation = Quaternion(0.26832864, 0.04562339, -0.046103254, 0.96114147)
bones/43/rotation = Quaternion(0.19886346, 0.02934197, -0.08883046, 0.97555196)
bones/45/rotation = Quaternion(-5.726657e-09, 0.00948314, 1.05572866e-07, 0.99995506)
bones/46/rotation = Quaternion(-2.9309803e-08, 0.031321682, 4.6635887e-07, 0.99950945)
bones/47/rotation = Quaternion(-4.3105832e-08, 0.0703528, -2.9958525e-07, 0.99752223)
bones/47/scale = Vector3(0.9999995, 1.0000004, 0.99999994)
bones/48/rotation = Quaternion(-0.44087836, 0.44688317, 0.5974907, 0.4989255)
bones/49/rotation = Quaternion(-0.41012084, -0.5494211, 0.43852, 0.58106595)
bones/50/rotation = Quaternion(0.090018064, -3.2255044e-05, 0.011122987, 0.9958781)
bones/51/rotation = Quaternion(0.030205064, 0.026090067, 0.010764877, 0.99914527)
bones/52/rotation = Quaternion(0.021371717, -0.6577162, 0.2502529, 0.71015924)
bones/53/rotation = Quaternion(0.2793332, -0.009605841, 0.032616768, 0.9595921)
bones/54/rotation = Quaternion(0.19272871, -0.0039176955, 0.012723997, 0.9811618)
bones/55/rotation = Quaternion(0.034342412, -0.71022934, 0.14420465, 0.688186)
bones/56/rotation = Quaternion(0.3451341, 0.0015728674, 0.012846533, 0.9384642)
bones/57/rotation = Quaternion(0.08163913, -8.077856e-05, -0.011648145, 0.99659395)
bones/58/rotation = Quaternion(0.07950068, -0.71906215, 0.10857433, 0.68179244)
bones/59/rotation = Quaternion(0.26195928, 0.016460316, 0.008820121, 0.9648983)
bones/60/rotation = Quaternion(0.15901344, 0.009552844, 0.0018385893, 0.9872285)
bones/61/rotation = Quaternion(0.10809874, -0.7469249, 0.021902384, 0.65569687)
bones/62/rotation = Quaternion(0.20739797, 0.017038843, -0.0015532913, 0.9781071)
bones/63/rotation = Quaternion(0.0859842, 0.006363053, -0.014215457, 0.9961749)
bones/64/rotation = Quaternion(-0.23355447, 0.90970063, 0.31303898, -0.14108093)
bones/65/rotation = Quaternion(0.2236293, -0.04878664, 0.058677204, 0.97168255)
bones/66/rotation = Quaternion(0.24647556, 0.048424058, 0.009003366, 0.9678967)
bones/68/rotation = Quaternion(-7.8865206e-08, 0.010171191, -2.7761745e-08, 0.99994826)
bones/69/rotation = Quaternion(2.928285e-07, 0.025755322, -3.382949e-07, 0.9996683)
bones/70/rotation = Quaternion(-2.1126612e-08, -0.0071757394, 2.4707848e-07, 0.99997425)
bones/70/scale = Vector3(0.9999997, 1.0000005, 1)
bones/73/rotation = Quaternion(0.009473513, 0.09206046, 0.99354017, -0.065674394)
bones/74/rotation = Quaternion(-0.00678788, 0.132494, 0.98896, 0.066006)

[node name="BoneAttachment3D" parent="Parts/BodySkeleton/rig/Skeleton3D" index="1"]
transform = Transform3D(0.99995834, -0.008707222, -0.002733808, 0.008601315, 0.99929255, -0.03661698, 0.0030507147, 0.036592007, 0.9993258, -0.017409222, 1.587258, 0.0008097738)

[node name="VoiceHandler" parent="Parts/BodySkeleton/rig/Skeleton3D/BoneAttachment3D" index="1" instance=ExtResource("3_l2cwv")]
unique_name_in_owner = true

[node name="BreastLWiggle" type="SkeletonModifier3D" parent="Parts/BodySkeleton/rig/Skeleton3D" index="2"]
_import_path = NodePath("")
unique_name_in_owner = true
process_mode = 0
process_priority = 0
process_physics_priority = 0
process_thread_group = 0
physics_interpolation_mode = 0
auto_translate_mode = 0
editor_description = ""
accessibility_name = ""
accessibility_description = ""
accessibility_live = 0
accessibility_controls_nodes = Array[NodePath]([])
accessibility_described_by_nodes = Array[NodePath]([])
accessibility_labeled_by_nodes = Array[NodePath]([])
accessibility_flow_to_nodes = Array[NodePath]([])
transform = Transform3D(0.9012569, 0.39938214, 0.16801746, 0.03919702, 0.31103337, -0.9495904, -0.4315085, 0.86241084, 0.26466647, 0.007145507, 1.2556357, -0.09068197)
rotation_edit_mode = 0
rotation_order = 2
top_level = false
visible = true
visibility_parent = NodePath("")
active = true
influence = 1.0
script = ExtResource("3_ghp2k")
bone_name = "breast.L"
properties = SubResource("Resource_l2cwv")
enableGravityHelper = true
metadata/_custom_type_script = "uid://1n0mqd1c34ui"

[node name="BreastRWiggle" type="SkeletonModifier3D" parent="Parts/BodySkeleton/rig/Skeleton3D" index="3"]
_import_path = NodePath("")
unique_name_in_owner = true
process_mode = 0
process_priority = 0
process_physics_priority = 0
process_thread_group = 0
physics_interpolation_mode = 0
auto_translate_mode = 0
editor_description = ""
accessibility_name = ""
accessibility_description = ""
accessibility_live = 0
accessibility_controls_nodes = Array[NodePath]([])
accessibility_described_by_nodes = Array[NodePath]([])
accessibility_labeled_by_nodes = Array[NodePath]([])
accessibility_flow_to_nodes = Array[NodePath]([])
transform = Transform3D(0.9262488, -0.36682555, -0.08661506, 0.023207048, 0.28486958, -0.9582854, 0.3761976, 0.88560075, 0.2723731, -0.023401793, 1.2545925, -0.08975743)
rotation_edit_mode = 0
rotation_order = 2
top_level = false
visible = true
visibility_parent = NodePath("")
active = true
influence = 1.0
script = ExtResource("3_ghp2k")
bone_name = "breast.R"
properties = SubResource("Resource_l2cwv")
enableGravityHelper = true
metadata/_custom_type_script = "uid://1n0mqd1c34ui"

[node name="ButtLWiggle" type="SkeletonModifier3D" parent="Parts/BodySkeleton/rig/Skeleton3D" index="4"]
_import_path = NodePath("")
unique_name_in_owner = false
process_mode = 0
process_priority = 0
process_physics_priority = 0
process_thread_group = 0
physics_interpolation_mode = 0
auto_translate_mode = 0
editor_description = ""
accessibility_name = ""
accessibility_description = ""
accessibility_live = 0
accessibility_controls_nodes = Array[NodePath]([])
accessibility_described_by_nodes = Array[NodePath]([])
accessibility_labeled_by_nodes = Array[NodePath]([])
accessibility_flow_to_nodes = Array[NodePath]([])
transform = Transform3D(0.9986545, 0.05010488, -0.013367932, 0.017562512, -0.08423397, 0.9962914, 0.04879303, -0.9951855, -0.085000575, 0.09068646, 0.9434262, -0.013537959)
rotation_edit_mode = 0
rotation_order = 2
top_level = false
visible = true
visibility_parent = NodePath("")
active = true
influence = 1.0
script = ExtResource("3_ghp2k")
bone_name = "butt.L"
properties = SubResource("Resource_ghp2k")
metadata/_custom_type_script = "uid://1n0mqd1c34ui"

[node name="ButtRWiggle" type="SkeletonModifier3D" parent="Parts/BodySkeleton/rig/Skeleton3D" index="5"]
_import_path = NodePath("")
unique_name_in_owner = false
process_mode = 0
process_priority = 0
process_physics_priority = 0
process_thread_group = 0
physics_interpolation_mode = 0
auto_translate_mode = 0
editor_description = ""
accessibility_name = ""
accessibility_description = ""
accessibility_live = 0
accessibility_controls_nodes = Array[NodePath]([])
accessibility_described_by_nodes = Array[NodePath]([])
accessibility_labeled_by_nodes = Array[NodePath]([])
accessibility_flow_to_nodes = Array[NodePath]([])
transform = Transform3D(0.99432373, -0.104122676, -0.021883054, 0.011911875, -0.09543876, 0.9953641, -0.10572847, -0.9899748, -0.09365675, -0.08660763, 0.9408042, -0.008473017)
rotation_edit_mode = 0
rotation_order = 2
top_level = false
visible = true
visibility_parent = NodePath("")
active = true
influence = 1.0
script = ExtResource("3_ghp2k")
bone_name = "butt.R"
properties = SubResource("Resource_ghp2k")
metadata/_custom_type_script = "uid://1n0mqd1c34ui"

[node name="VaginaWiggle" type="SkeletonModifier3D" parent="Parts/BodySkeleton/rig/Skeleton3D" index="6"]
_import_path = NodePath("")
unique_name_in_owner = false
process_mode = 0
process_priority = 0
process_physics_priority = 0
process_thread_group = 0
physics_interpolation_mode = 0
auto_translate_mode = 0
editor_description = ""
accessibility_name = ""
accessibility_description = ""
accessibility_live = 0
accessibility_controls_nodes = Array[NodePath]([])
accessibility_described_by_nodes = Array[NodePath]([])
accessibility_labeled_by_nodes = Array[NodePath]([])
accessibility_flow_to_nodes = Array[NodePath]([])
transform = Transform3D(0.999483, 0.015804354, -0.02799981, 0.01478148, -0.9992293, -0.036369205, -0.028553016, 0.035936564, -0.9989463, 0.0029977183, 0.92659825, 0.014506374)
rotation_edit_mode = 0
rotation_order = 2
top_level = false
visible = true
visibility_parent = NodePath("")
active = true
influence = 1.0
script = ExtResource("3_ghp2k")
bone_name = "vagina"
properties = SubResource("Resource_avrwx")
metadata/_custom_type_script = "uid://1n0mqd1c34ui"

[node name="BoneAttachment3D3" parent="Parts/BodySkeleton/rig/Skeleton3D" index="7"]
transform = Transform3D(0.99937934, -0.017238336, 0.030720415, 0.026418373, 0.94364023, -0.32991707, -0.02330179, 0.33052397, 0.9435101, -0.016245559, 1.5235581, -0.021502)

[node name="AttachAnkle" parent="Parts/BodySkeleton/rig/Skeleton3D" index="8"]
transform = Transform3D(-0.97702914, -0.022145398, 0.2119509, -0.030557195, -0.96974957, -0.2421825, 0.21090253, -0.24309592, 0.94679695, 0.12222674, 0.5155562, 0.04219874)

[node name="AttachAnkle2" parent="Parts/BodySkeleton/rig/Skeleton3D" index="9"]
transform = Transform3D(-0.99666685, 0.038658, -0.07183631, -0.018903429, -0.9660645, -0.25760925, -0.07935717, -0.25539255, 0.9635751, -0.089604944, 0.5129572, 0.055652805)

[node name="AttachWrist" parent="Parts/BodySkeleton/rig/Skeleton3D" index="10"]
transform = Transform3D(-0.9875763, -0.103049, 0.11863328, 0.119777545, -0.98232937, 0.14381562, 0.10171683, 0.15623853, 0.9824684, -0.22622472, 1.0117588, 0.0008642413)

[node name="AttachWrist2" parent="Parts/BodySkeleton/rig/Skeleton3D" index="11"]
transform = Transform3D(-0.9679317, 0.21670718, 0.12706837, -0.18332812, -0.95516497, 0.23248886, 0.17175326, 0.20173818, 0.96426326, 0.22594437, 1.0336813, -0.018581796)

[node name="AttachBreast" parent="Parts/BodySkeleton/rig/Skeleton3D" index="12"]
transform = Transform3D(0.9012568, 0.3993821, 0.16801746, 0.03919702, 0.31103334, -0.9495904, -0.43150845, 0.8624108, 0.26466647, 0.007145507, 1.2556357, -0.09068197)

[node name="AttachBreast2" parent="Parts/BodySkeleton/rig/Skeleton3D" index="13"]
transform = Transform3D(0.92624867, -0.36682552, -0.08661506, 0.023207044, 0.28486955, -0.9582854, 0.37619755, 0.8856007, 0.2723731, -0.023401793, 1.2545925, -0.08975743)

[node name="ChestBoneAttachment" parent="Parts/BodySkeleton/rig/Skeleton3D" index="14"]
transform = Transform3D(0.9989606, -0.03767422, 0.025658755, 0.034111634, 0.99126464, 0.12740059, -0.030234331, -0.12639293, 0.9915196, -0.0027018865, 1.1901692, 0.015793553)

[node name="UpperChestBoneAttachment" parent="Parts/BodySkeleton/rig/Skeleton3D" index="15"]
transform = Transform3D(0.99872196, -0.04270456, 0.027030671, 0.03984706, 0.9943259, 0.09863278, -0.03108936, -0.09742965, 0.9947569, -0.008660402, 1.3469466, -0.0041966047)

[node name="BoneAttachment3D2" parent="Parts/BodySkeleton/rig/Skeleton3D" index="16"]
transform = Transform3D(0.999483, -0.010387803, 0.030428175, 0.01478147, 0.98888636, -0.14793779, -0.028553253, 0.14831103, 0.9885286, 0.0025804902, 0.8947205, -0.016600866)

[node name="DollAttachPoint" parent="Parts/BodySkeleton/rig/Skeleton3D/BoneAttachment3D2" index="0"]
transform = Transform3D(1, -1.45787e-15, -1.45906e-15, 1.70219e-15, 0.982808, 0.184638, 1.16479e-15, -0.184638, 0.982808, -1.65712e-15, 0.127416, -0.0878506)

[node name="SquirtParticles1" parent="Parts/BodySkeleton/rig/Skeleton3D/BoneAttachment3D2/SquirtNode" index="0"]
process_material = SubResource("ParticleProcessMaterial_a0xc8")

[node name="SquirtParticles2" parent="Parts/BodySkeleton/rig/Skeleton3D/BoneAttachment3D2/SquirtNode" index="1"]
process_material = SubResource("ParticleProcessMaterial_q8qd3")

[node name="SquirtParticles3" parent="Parts/BodySkeleton/rig/Skeleton3D/BoneAttachment3D2/SquirtNode" index="2"]
process_material = SubResource("ParticleProcessMaterial_i5c51")

[node name="AnimationPlayer" type="AnimationPlayer" parent="Parts/BodySkeleton"]
unique_name_in_owner = true
active = false
libraries = {
&"BasicAnims": ExtResource("5_avrwx"),
&"LocomotionAnims": ExtResource("7_l2cwv"),
&"RestraintAnims": ExtResource("8_yudco")
}
autoplay = "BodyAnims/Idle"

[node name="AnimationTree" type="AnimationTree" parent="Parts/BodySkeleton"]
unique_name_in_owner = true
root_node = NodePath("%AnimationTree/..")
tree_root = ExtResource("10_yn8uc")
anim_player = NodePath("../AnimationPlayer")
parameters/ArmBinder_Blend/blend_amount = 0.0
parameters/Arms_Blend/blend_amount = 0.0
parameters/Arms_Selector/current_state = "state_0"
parameters/Arms_Selector/transition_request = ""
parameters/Arms_Selector/current_index = 0
parameters/CuffedBehindBack_Blend/blend_amount = 0.0
parameters/CuffedFront_Blend/blend_amount = 0.0
parameters/Locomotion/Idle/Idle_Selector/current_state = "normal1"
parameters/Locomotion/Idle/Idle_Selector/transition_request = ""
parameters/Locomotion/Idle/Idle_Selector/current_index = 0
parameters/Locomotion/Walk/Walk_Selector/current_state = "unisex"
parameters/Locomotion/Walk/Walk_Selector/transition_request = ""
parameters/Locomotion/Walk/Walk_Selector/current_index = 0
parameters/RestraintAnims_BRIDGE/blend_amount = 0
script = ExtResource("10_1pahp")

[node name="AnimationPlayerRestraints" type="AnimationPlayer" parent="Parts/BodySkeleton"]
unique_name_in_owner = true
active = false
libraries = {
&"RestraintAnims": ExtResource("8_yudco")
}
autoplay = "BodyAnims/Idle"

[node name="AnimationTreeRestraints" type="AnimationTree" parent="Parts/BodySkeleton"]
unique_name_in_owner = true
active = false
root_node = NodePath("%AnimationTreeRestraints/..")
tree_root = ExtResource("9_1pahp")
anim_player = NodePath("../AnimationPlayerRestraints")
parameters/ArmBinder_Blend/blend_amount = 0.0
parameters/Arms_Blend/blend_amount = 0
parameters/Arms_Selector/current_state = ""
parameters/Arms_Selector/transition_request = "state_0"
parameters/Arms_Selector/current_index = -1
parameters/CuffedBehindBack_Blend/blend_amount = 0
parameters/CuffedFront_Blend/blend_amount = 0
parameters/RestraintAnims_BRIDGE/blend_amount = 0

[node name="AlphaMaskTexture" parent="." instance=ExtResource("10_ehs3x")]
unique_name_in_owner = true
resolution = Vector2i(256, 256)
clearColor = Color(0, 0, 0, 0)

[node name="VisibleOnScreenEnabler3D" type="VisibleOnScreenEnabler3D" parent="."]
transform = Transform3D(1, 0, 0, 0, 1, 0, 0, 0, 1, 0, 0.88834, 0)
aabb = AABB(-1, -1.1234647, -1, 2, 2.2469294, 2)

[connection signal="onEvent" from="Parts/BodySkeleton/rig/Skeleton3D/BoneAttachment3D/VoiceHandler" to="." method="_on_voice_handler_on_event"]
[connection signal="onSound" from="Parts/BodySkeleton/rig/Skeleton3D/BoneAttachment3D/VoiceHandler" to="." method="_on_voice_handler_on_sound"]
[connection signal="onTextureUpdated" from="AlphaMaskTexture" to="." method="_on_alpha_mask_texture_on_texture_updated"]
[connection signal="screen_entered" from="VisibleOnScreenEnabler3D" to="." method="_on_visible_on_screen_enabler_3d_screen_entered"]
[connection signal="screen_exited" from="VisibleOnScreenEnabler3D" to="." method="_on_visible_on_screen_enabler_3d_screen_exited"]

[editable path="Parts/BodySkeleton"]
