[gd_scene load_steps=21 format=3 uid="uid://y65ir3supv5s"]

[ext_resource type="Script" uid="uid://cy0ulaqjxe5e3" path="res://Game/Doll/doll.gd" id="1_x8ebr"]
[ext_resource type="PackedScene" uid="uid://1374ob78ucv7" path="res://Game/Doll/doll_part.tscn" id="2_4v17s"]
[ext_resource type="PackedScene" uid="uid://c56fqxox0e0ia" path="res://Mesh/Skeleton/body_skeleton.tscn" id="2_k7aqf"]
[ext_resource type="Script" uid="uid://1n0mqd1c34ui" path="res://addons/wigglebone/wiggle_rotation_modifier_3d.gd" id="3_ghp2k"]
[ext_resource type="PackedScene" uid="uid://dyx0lcoi6r0tp" path="res://Game/Doll/FaceAnimator/voice_handler.tscn" id="3_l2cwv"]
[ext_resource type="Script" uid="uid://dk8kgax5eyeng" path="res://addons/wigglebone/wiggle_rotation_properties_3d.gd" id="4_avrwx"]
[ext_resource type="PackedScene" uid="uid://br61otcq86wpv" path="res://Game/Doll/doll_attach_to.tscn" id="4_mwovh"]
[ext_resource type="AnimationLibrary" uid="uid://nn3cjmcfumow" path="res://Anims/Raw/BasicAnims.glb" id="5_avrwx"]
[ext_resource type="AnimationLibrary" uid="uid://cmuxw6uiifp2h" path="res://Anims/Raw/LocomotionAnims.glb" id="7_l2cwv"]
[ext_resource type="AnimationLibrary" uid="uid://b08i0engip1rw" path="res://Anims/Raw/RestraintAnims.glb" id="8_yudco"]
[ext_resource type="AnimationNodeBlendTree" uid="uid://c8ovbng4kuwt3" path="res://Game/Doll/Util/DollBlendTreeBase.tres" id="9_1pahp"]
[ext_resource type="PackedScene" uid="uid://bgux6rpndyvti" path="res://Mesh/Materials/MyLayeredTexture/my_layered_texture.tscn" id="10_ehs3x"]
[ext_resource type="AnimationNodeBlendTree" uid="uid://snasey7u5o67" path="res://Game/Doll/Util/DollBlendTree.tres" id="10_yn8uc"]

[sub_resource type="Resource" id="Resource_l2cwv"]
script = ExtResource("4_avrwx")
spring_freq = 3.0
angular_damp = 10.0
force_scale = 1200.0
linear_scale = 360.0
swing_span = 0.349066
gravity = Vector3(0, -10, 0)
metadata/_custom_type_script = ExtResource("4_avrwx")

[sub_resource type="Resource" id="Resource_ghp2k"]
script = ExtResource("4_avrwx")
spring_freq = 2.0
angular_damp = 5.0
force_scale = 180.0
linear_scale = 3600.0
swing_span = 0.174533
gravity = Vector3(0, 0, 0)
metadata/_custom_type_script = ExtResource("4_avrwx")

[sub_resource type="Resource" id="Resource_avrwx"]
script = ExtResource("4_avrwx")
spring_freq = 3.0
angular_damp = 5.0
force_scale = 180.0
linear_scale = 360.0
swing_span = 0.436332
gravity = Vector3(0, 0, 0)
metadata/_custom_type_script = "uid://dk8kgax5eyeng"

[sub_resource type="ParticleProcessMaterial" id="ParticleProcessMaterial_a0xc8"]
resource_local_to_scene = true
direction = Vector3(0, 0, 1)
spread = 1.0
initial_velocity_max = 3.0
scale_max = 2.0

[sub_resource type="ParticleProcessMaterial" id="ParticleProcessMaterial_q8qd3"]
resource_local_to_scene = true
direction = Vector3(0, 0, 1)
spread = 1.0
initial_velocity_max = 3.0
scale_max = 2.0

[sub_resource type="ParticleProcessMaterial" id="ParticleProcessMaterial_i5c51"]
resource_local_to_scene = true
direction = Vector3(0, 0, 1)
spread = 1.0
initial_velocity_max = 3.0
scale_max = 2.0

[sub_resource type="SphereMesh" id="SphereMesh_6wvr0"]
radius = 0.2
height = 0.4

[node name="Doll" type="Node3D"]
script = ExtResource("1_x8ebr")

[node name="BodySkeleton" parent="." instance=ExtResource("2_k7aqf")]
unique_name_in_owner = true

[node name="Skeleton3D" parent="BodySkeleton/rig" index="0"]
bones/0/position = Vector3(0, 0, 0.0318538)
bones/1/position = Vector3(0.00454041, 0.0448054, 0.894801)
bones/1/rotation = Quaternion(0.758999, 0.00583693, 0.013893, 0.650918)
bones/2/rotation = Quaternion(0.0978099, 0.14021, 0.985191, -0.0131476)
bones/3/rotation = Quaternion(-0.191517, 0.00662218, -0.00575688, 0.98145)
bones/4/rotation = Quaternion(0.64341, -0.0117107, -0.00885912, 0.765381)
bones/5/rotation = Quaternion(0.208343, -0.000367642, -7.85189e-05, 0.978056)
bones/6/rotation = Quaternion(-0.0709038, -7.19823e-08, -1.29807e-07, 0.997483)
bones/7/rotation = Quaternion(-9.21667e-08, 0.0486012, 7.67241e-08, 0.998818)
bones/7/scale = Vector3(1, 1, 1)
bones/8/rotation = Quaternion(-0.0045741, -2.5841e-07, 9.48908e-08, 0.99999)
bones/9/rotation = Quaternion(-0.00821903, -1.43492e-06, -9.65002e-10, 0.999966)
bones/10/rotation = Quaternion(-0.784274, -0.0291606, -0.0254436, 0.619207)
bones/11/rotation = Quaternion(-0.0599495, 0.146713, 0.98735, 0.00453315)
bones/12/rotation = Quaternion(-0.201965, -0.00668316, 0.00568599, 0.979354)
bones/13/rotation = Quaternion(0.649085, 0.060239, -0.0374751, 0.7574)
bones/14/rotation = Quaternion(0.219879, 0.00121925, 0.000263954, 0.975526)
bones/15/rotation = Quaternion(-0.0763732, 6.82875e-08, 1.00009e-07, 0.997079)
bones/16/rotation = Quaternion(-1.16006e-08, -0.029941, -5.87096e-08, 0.999552)
bones/17/rotation = Quaternion(-0.00521239, 2.51325e-07, -1.06045e-07, 0.999986)
bones/18/rotation = Quaternion(-0.00989078, 1.43356e-06, -4.77347e-08, 0.999951)
bones/19/rotation = Quaternion(-0.787282, 0.0290363, 0.0255854, 0.615378)
bones/20/rotation = Quaternion(-0.0468616, 0.000561193, 0.00652246, 0.99888)
bones/21/rotation = Quaternion(-0.0931643, 0.000199346, 0.00245192, 0.995648)
bones/22/rotation = Quaternion(0.0156726, 3.98919e-05, 0.00246604, 0.999874)
bones/23/rotation = Quaternion(0.213168, -0.00481123, -0.00487101, 0.976992)
bones/24/rotation = Quaternion(-0.152154, -0.014574, -0.0050277, 0.988237)
bones/25/rotation = Quaternion(-0.450667, -0.439694, -0.575374, 0.522029)
bones/26/rotation = Quaternion(-0.489435, 0.45499, -0.39561, 0.630023)
bones/27/rotation = Quaternion(0.129134, -0.000405446, -0.0111157, 0.991565)
bones/28/rotation = Quaternion(0.0307041, 0.0258052, -0.0391588, 0.998428)
bones/29/rotation = Quaternion(-0.0128109, 0.649168, -0.275168, 0.709013)
bones/30/rotation = Quaternion(0.277596, 0.00948548, -0.0322998, 0.960108)
bones/31/rotation = Quaternion(0.166321, 0.00461373, -0.0344825, 0.985458)
bones/32/rotation = Quaternion(0.0337859, 0.706848, -0.206528, 0.6757)
bones/33/rotation = Quaternion(0.338475, -0.00148533, -0.0125051, 0.940891)
bones/34/rotation = Quaternion(0.15458, -0.0013292, -0.0077326, 0.987949)
bones/35/rotation = Quaternion(0.0659574, 0.717671, -0.160847, 0.674334)
bones/36/rotation = Quaternion(0.290917, -0.0186566, -0.00909272, 0.956523)
bones/37/rotation = Quaternion(0.161842, -0.00965681, -0.00323022, 0.986764)
bones/38/rotation = Quaternion(0.0929861, 0.743274, -0.0818224, 0.657421)
bones/39/rotation = Quaternion(0.279316, -0.0254899, 0.00576787, 0.959844)
bones/40/rotation = Quaternion(0.148158, -0.0132568, 0.00949666, 0.988829)
bones/41/rotation = Quaternion(0.258996, 0.91767, 0.288542, 0.0868741)
bones/42/rotation = Quaternion(0.268329, 0.0456234, -0.0461033, 0.961141)
bones/43/rotation = Quaternion(0.198863, 0.029342, -0.0888305, 0.975552)
bones/45/rotation = Quaternion(1.36365e-08, 0.00798192, 1.51035e-07, 0.999968)
bones/46/rotation = Quaternion(6.08557e-08, 0.0273454, 8.60573e-08, 0.999626)
bones/47/rotation = Quaternion(-4.66474e-08, 0.0726993, -2.4746e-07, 0.997354)
bones/47/scale = Vector3(1, 1, 1)
bones/48/rotation = Quaternion(-0.442713, 0.445136, 0.596949, 0.49951)
bones/49/rotation = Quaternion(-0.399451, -0.543306, 0.445286, 0.589048)
bones/50/rotation = Quaternion(0.0651774, -0.000309354, 0.0111187, 0.997812)
bones/51/rotation = Quaternion(0.0448027, 0.02172, -0.0183998, 0.99859)
bones/52/rotation = Quaternion(0.0213717, -0.657716, 0.250253, 0.710159)
bones/53/rotation = Quaternion(0.279333, -0.00960584, 0.0326168, 0.959592)
bones/54/rotation = Quaternion(0.192729, -0.0039177, 0.012724, 0.981162)
bones/55/rotation = Quaternion(0.0343424, -0.710229, 0.144205, 0.688186)
bones/56/rotation = Quaternion(0.345134, 0.00157287, 0.0128465, 0.938464)
bones/57/rotation = Quaternion(0.0816391, -8.07786e-05, -0.0116481, 0.996594)
bones/58/rotation = Quaternion(0.0795007, -0.719062, 0.108574, 0.681792)
bones/59/rotation = Quaternion(0.261959, 0.0164603, 0.00882012, 0.964898)
bones/60/rotation = Quaternion(0.159013, 0.00955284, 0.00183859, 0.987229)
bones/61/rotation = Quaternion(0.108099, -0.746925, 0.0219024, 0.655697)
bones/62/rotation = Quaternion(0.207398, 0.0170388, -0.00155329, 0.978107)
bones/63/rotation = Quaternion(0.0859842, 0.00636305, -0.0142155, 0.996175)
bones/64/rotation = Quaternion(-0.233554, 0.909701, 0.313039, -0.141081)
bones/65/rotation = Quaternion(0.223629, -0.0487866, 0.0586772, 0.971682)
bones/66/rotation = Quaternion(0.246476, 0.0484241, 0.00900337, 0.967897)
bones/68/rotation = Quaternion(-4.87546e-08, 0.00904646, -1.36445e-07, 0.999959)
bones/69/rotation = Quaternion(3.54441e-07, 0.0227768, -2.34974e-07, 0.999741)
bones/70/rotation = Quaternion(-4.07303e-08, -0.00939591, 1.66143e-07, 0.999956)
bones/70/scale = Vector3(1, 1, 1)
bones/73/rotation = Quaternion(0.00947351, 0.0920605, 0.99354, -0.0656744)
bones/74/rotation = Quaternion(-0.00678788, 0.132494, 0.98896, 0.066006)

[node name="BoneAttachment3D" parent="BodySkeleton/rig/Skeleton3D" index="1"]
transform = Transform3D(0.999919, -0.0106105, -0.00708234, 0.0104036, 0.999536, -0.0286374, 0.00738292, 0.0285614, 0.999565, -0.0139199, 1.58741, 0.00512593)

[node name="VoiceHandler" parent="BodySkeleton/rig/Skeleton3D/BoneAttachment3D" index="1" instance=ExtResource("3_l2cwv")]
unique_name_in_owner = true

[node name="BreastLWiggle" type="SkeletonModifier3D" parent="BodySkeleton/rig/Skeleton3D" index="2"]
_import_path = NodePath("")
unique_name_in_owner = true
process_mode = 0
process_priority = 0
process_physics_priority = 0
process_thread_group = 0
physics_interpolation_mode = 0
auto_translate_mode = 0
editor_description = ""
transform = Transform3D(0.902645, 0.397625, 0.164702, 0.0368915, 0.309794, -0.950088, -0.428802, 0.863668, 0.264965, 0.0100008, 1.25563, -0.0865919)
rotation_edit_mode = 0
rotation_order = 2
top_level = false
visible = true
visibility_parent = NodePath("")
active = true
influence = 1.0
script = ExtResource("3_ghp2k")
bone_name = "breast.L"
properties = SubResource("Resource_l2cwv")
enableGravityHelper = true
metadata/_custom_type_script = "uid://1n0mqd1c34ui"

[node name="BreastRWiggle" type="SkeletonModifier3D" parent="BodySkeleton/rig/Skeleton3D" index="3"]
_import_path = NodePath("")
unique_name_in_owner = true
process_mode = 0
process_priority = 0
process_physics_priority = 0
process_thread_group = 0
physics_interpolation_mode = 0
auto_translate_mode = 0
editor_description = ""
transform = Transform3D(0.925177, -0.368716, -0.0899744, 0.0206688, 0.285661, -0.958108, 0.378972, 0.88456, 0.271908, -0.0205518, 1.25467, -0.085759)
rotation_edit_mode = 0
rotation_order = 2
top_level = false
visible = true
visibility_parent = NodePath("")
active = true
influence = 1.0
script = ExtResource("3_ghp2k")
bone_name = "breast.R"
properties = SubResource("Resource_l2cwv")
enableGravityHelper = true
metadata/_custom_type_script = "uid://1n0mqd1c34ui"

[node name="ButtLWiggle" type="SkeletonModifier3D" parent="BodySkeleton/rig/Skeleton3D" index="4"]
_import_path = NodePath("")
unique_name_in_owner = false
process_mode = 0
process_priority = 0
process_physics_priority = 0
process_thread_group = 0
physics_interpolation_mode = 0
auto_translate_mode = 0
editor_description = ""
transform = Transform3D(0.998601, 0.0515288, -0.0118316, 0.0159407, -0.0800788, 0.996661, 0.0504093, -0.995456, -0.0807882, 0.09271, 0.943369, -0.0095434)
rotation_edit_mode = 0
rotation_order = 2
top_level = false
visible = true
visibility_parent = NodePath("")
active = true
influence = 1.0
script = ExtResource("3_ghp2k")
bone_name = "butt.L"
properties = SubResource("Resource_ghp2k")
metadata/_custom_type_script = "uid://1n0mqd1c34ui"

[node name="ButtRWiggle" type="SkeletonModifier3D" parent="BodySkeleton/rig/Skeleton3D" index="5"]
_import_path = NodePath("")
unique_name_in_owner = false
process_mode = 0
process_priority = 0
process_physics_priority = 0
process_thread_group = 0
physics_interpolation_mode = 0
auto_translate_mode = 0
editor_description = ""
transform = Transform3D(0.994502, -0.102706, -0.0204232, 0.0109601, -0.0918717, 0.995711, -0.104142, -0.99046, -0.090241, -0.0845953, 0.940976, -0.00476341)
rotation_edit_mode = 0
rotation_order = 2
top_level = false
visible = true
visibility_parent = NodePath("")
active = true
influence = 1.0
script = ExtResource("3_ghp2k")
bone_name = "butt.R"
properties = SubResource("Resource_ghp2k")
metadata/_custom_type_script = "uid://1n0mqd1c34ui"

[node name="VaginaWiggle" type="SkeletonModifier3D" parent="BodySkeleton/rig/Skeleton3D" index="6"]
_import_path = NodePath("")
unique_name_in_owner = false
process_mode = 0
process_priority = 0
process_physics_priority = 0
process_thread_group = 0
physics_interpolation_mode = 0
auto_translate_mode = 0
editor_description = ""
transform = Transform3D(0.999546, 0.0143425, -0.0265031, 0.0134908, -0.999396, -0.0320376, -0.0269466, 0.0316655, -0.999135, 0.0049543, 0.926544, 0.018293)
rotation_edit_mode = 0
rotation_order = 2
top_level = false
visible = true
visibility_parent = NodePath("")
active = true
influence = 1.0
script = ExtResource("3_ghp2k")
bone_name = "vagina"
properties = SubResource("Resource_avrwx")
metadata/_custom_type_script = "uid://1n0mqd1c34ui"

[node name="BoneAttachment3D3" parent="BodySkeleton/rig/Skeleton3D" index="7"]
transform = Transform3D(0.999484, -0.0177513, 0.0267706, 0.0255452, 0.944532, -0.327426, -0.0194735, 0.327941, 0.944498, -0.0127217, 1.52365, -0.0170115)

[node name="AttachAnkle" parent="BodySkeleton/rig/Skeleton3D" index="8"]
transform = Transform3D(-0.977577, -0.023895, 0.209219, -0.0293727, -0.968355, -0.24784, 0.208521, -0.248428, 0.94594, 0.123004, 0.515059, 0.0434374)

[node name="AttachAnkle2" parent="BodySkeleton/rig/Skeleton3D" index="9"]
transform = Transform3D(-0.996649, 0.0363343, -0.0732809, -0.0158874, -0.964851, -0.262319, -0.0802364, -0.260276, 0.962195, -0.0886647, 0.512645, 0.0559894)

[node name="AttachWrist" parent="BodySkeleton/rig/Skeleton3D" index="10"]
transform = Transform3D(-0.986713, -0.114097, 0.115667, 0.128145, -0.984182, 0.12233, 0.0998798, 0.135527, 0.985727, -0.225436, 1.01188, 0.00786674)

[node name="AttachWrist2" parent="BodySkeleton/rig/Skeleton3D" index="11"]
transform = Transform3D(-0.966337, 0.216191, 0.139481, -0.179785, -0.955224, 0.235002, 0.184041, 0.202014, 0.961936, 0.22913, 1.03307, -0.012116)

[node name="AttachBreast" parent="BodySkeleton/rig/Skeleton3D" index="12"]
transform = Transform3D(0.902645, 0.397625, 0.164702, 0.0368915, 0.309794, -0.950088, -0.428802, 0.863668, 0.264965, 0.0100008, 1.25563, -0.0865919)

[node name="AttachBreast2" parent="BodySkeleton/rig/Skeleton3D" index="13"]
transform = Transform3D(0.925177, -0.368716, -0.0899744, 0.0206688, 0.285661, -0.958108, 0.378972, 0.88456, 0.271908, -0.0205518, 1.25467, -0.085759)

[node name="ChestBoneAttachment" parent="BodySkeleton/rig/Skeleton3D" index="14"]
transform = Transform3D(0.999134, -0.034663, 0.0230304, 0.0314639, 0.991387, 0.127128, -0.0272386, -0.126293, 0.991619, -0.000338934, 1.19017, 0.0198396)

[node name="UpperChestBoneAttachment" parent="BodySkeleton/rig/Skeleton3D" index="15"]
transform = Transform3D(0.99895, -0.0388497, 0.0242624, 0.0363534, 0.994717, 0.0959992, -0.0278637, -0.0950165, 0.995086, -0.0058212, 1.34697, -0.000134716)

[node name="BoneAttachment3D2" parent="BodySkeleton/rig/Skeleton3D" index="16"]
transform = Transform3D(0.999546, -0.00922597, 0.0286883, 0.0134908, 0.988254, -0.152226, -0.0269469, 0.152544, 0.987929, 0.00454041, 0.894801, -0.0129516)

[node name="DollAttachPoint" parent="BodySkeleton/rig/Skeleton3D/BoneAttachment3D2" index="0"]
transform = Transform3D(1, -1.45787e-15, -1.45906e-15, 1.70219e-15, 0.982808, 0.184638, 1.16479e-15, -0.184638, 0.982808, -1.65712e-15, 0.127416, -0.0878506)

[node name="SquirtParticles1" parent="BodySkeleton/rig/Skeleton3D/BoneAttachment3D2/SquirtNode" index="0"]
process_material = SubResource("ParticleProcessMaterial_a0xc8")

[node name="SquirtParticles2" parent="BodySkeleton/rig/Skeleton3D/BoneAttachment3D2/SquirtNode" index="1"]
process_material = SubResource("ParticleProcessMaterial_q8qd3")

[node name="SquirtParticles3" parent="BodySkeleton/rig/Skeleton3D/BoneAttachment3D2/SquirtNode" index="2"]
process_material = SubResource("ParticleProcessMaterial_i5c51")

[node name="AnimationPlayer" type="AnimationPlayer" parent="BodySkeleton"]
unique_name_in_owner = true
libraries = {
&"BasicAnims": ExtResource("5_avrwx"),
&"LocomotionAnims": ExtResource("7_l2cwv"),
&"RestraintAnims": ExtResource("8_yudco")
}
autoplay = "BodyAnims/Idle"

[node name="AnimationTree" type="AnimationTree" parent="BodySkeleton"]
unique_name_in_owner = true
root_node = NodePath("%AnimationTree/..")
tree_root = ExtResource("10_yn8uc")
anim_player = NodePath("../AnimationPlayer")
parameters/ArmBinder_Blend/blend_amount = 0.0
parameters/Arms_Blend/blend_amount = 0.0
parameters/Arms_Selector/current_state = "state_0"
parameters/Arms_Selector/transition_request = ""
parameters/Arms_Selector/current_index = 0
parameters/CuffedBehindBack_Blend/blend_amount = 0.0
parameters/CuffedFront_Blend/blend_amount = 0.0
parameters/Locomotion/Idle/Idle_Selector/current_state = "normal1"
parameters/Locomotion/Idle/Idle_Selector/transition_request = ""
parameters/Locomotion/Idle/Idle_Selector/current_index = 0
parameters/Locomotion/Walk/Walk_Selector/current_state = "unisex"
parameters/Locomotion/Walk/Walk_Selector/transition_request = ""
parameters/Locomotion/Walk/Walk_Selector/current_index = 0
parameters/RestraintAnims_BRIDGE/blend_amount = 0

[node name="AnimationPlayerRestraints" type="AnimationPlayer" parent="BodySkeleton"]
unique_name_in_owner = true
active = false
libraries = {
&"RestraintAnims": ExtResource("8_yudco")
}
autoplay = "BodyAnims/Idle"

[node name="AnimationTreeRestraints" type="AnimationTree" parent="BodySkeleton"]
unique_name_in_owner = true
active = false
root_node = NodePath("%AnimationTreeRestraints/..")
tree_root = ExtResource("9_1pahp")
anim_player = NodePath("../AnimationPlayerRestraints")
parameters/ArmBinder_Blend/blend_amount = 0.0
parameters/Arms_Blend/blend_amount = 0
parameters/Arms_Selector/current_state = ""
parameters/Arms_Selector/transition_request = "state_0"
parameters/Arms_Selector/current_index = -1
parameters/CuffedBehindBack_Blend/blend_amount = 0
parameters/CuffedFront_Blend/blend_amount = 0
parameters/RestraintAnims_BRIDGE/blend_amount = 0

[node name="TestHeadDollPart" parent="." instance=ExtResource("2_4v17s")]

[node name="DollAttachTo" parent="TestHeadDollPart" node_paths=PackedStringArray("skeletonMeshes") instance=ExtResource("4_mwovh")]
attachPoint = "head"
skeletonMeshes = [NodePath("MeshInstance3D")]

[node name="MeshInstance3D" type="MeshInstance3D" parent="TestHeadDollPart/DollAttachTo"]
transform = Transform3D(1, 0, 0, 0, 1, 0, 0, 0, 1, 0, 0.162449, 0)
visible = false
mesh = SubResource("SphereMesh_6wvr0")

[node name="AlphaMaskTexture" parent="." instance=ExtResource("10_ehs3x")]
unique_name_in_owner = true
resolution = Vector2i(256, 256)
clearColor = Color(0, 0, 0, 0)

[connection signal="onEvent" from="BodySkeleton/rig/Skeleton3D/BoneAttachment3D/VoiceHandler" to="." method="_on_voice_handler_on_event"]
[connection signal="onSound" from="BodySkeleton/rig/Skeleton3D/BoneAttachment3D/VoiceHandler" to="." method="_on_voice_handler_on_sound"]
[connection signal="onTextureUpdated" from="AlphaMaskTexture" to="." method="_on_alpha_mask_texture_on_texture_updated"]

[editable path="BodySkeleton"]
